1	0	0.00385364	24552
2	-0.00252713	0.00379044	24552
3	-0.00499428	0.00372843	24552
4	-0.00740368	0.00366759	24552
5	-0.00975752	0.00360789	24552
6	-0.0120579	0.00354931	24552
7	-0.014307	0.00349182	24552
8	-0.0165067	0.00343541	24552
9	-0.018659	0.00338004	24552
10	-0.0207658	0.0033257	24552
11	-0.022829	0.00327236	24552
12	-0.0248504	0.00322001	24552
13	-0.0268317	0.00316863	24552
14	-0.0287746	0.00311819	24552
15	-0.0306808	0.00306868	24552
16	-0.0325517	0.00302008	24552
17	-0.034389	0.00297237	24552
18	-0.0361942	0.00292554	24552
19	-0.0379686	0.00289312	24304
20	-0.0397136	0.00286985	24304
21	-0.0414305	0.00284642	24304
22	-0.0431207	0.00282285	24304
23	-0.0447853	0.00279917	24304
24	-0.0464255	0.00277539	24304
25	-0.0480425	0.00275152	24304
26	-0.0496374	0.00272759	24304
27	-0.0512111	0.00270361	24304
28	-0.0527647	0.00267959	24304
29	-0.0542992	0.00265554	24304
30	-0.0558154	0.00263149	24304
31	-0.0573143	0.00260743	24304
32	-0.0587967	0.00258339	24304
33	-0.0602634	0.00255938	24304
34	-0.0617151	0.0025354	24304
35	-0.0631527	0.00251147	24304
36	-0.0645767	0.00248759	24304
37	-0.065988	0.00246378	24304
38	-0.067387	0.00244004	24304
39	-0.0687745	0.00241638	24304
40	-0.0701509	0.00239281	24304
41	-0.0715169	0.00236934	24304
42	-0.072873	0.00234597	24304
43	-0.0742206	0.00232271	24304
44	-0.0755596	0.00229957	24304
45	-0.0768902	0.00228783	24056
46	-0.0782131	0.00227594	24056
47	-0.0795308	0.00226368	24056
48	-0.0808413	0.00225121	24056
49	-0.0821449	0.00223853	24056
50	-0.0834419	0.00222565	24056
51	-0.0847326	0.00221258	24056
52	-0.0860174	0.00219933	24056
53	-0.0872965	0.00218591	24056
54	-0.0885701	0.00217233	24056
55	-0.0898386	0.00215861	24056
56	-0.0911021	0.00214474	24056
57	-0.0923609	0.00213074	24056
58	-0.0936152	0.00211662	24056
59	-0.0948653	0.00210238	24056
60	-0.0961114	0.00208804	24056
61	-0.0973536	0.0020736	24056
62	-0.0985919	0.00205907	24056
63	-0.0998266	0.00204445	24056
64	-0.101058	0.00202976	24056
65	-0.102285	0.002015	24056
66	-0.10351	0.00200018	24056
67	-0.104731	0.00198531	24056
68	-0.105949	0.00197038	24056
69	-0.107165	0.00195542	24056
70	-0.108377	0.00194041	24056
71	-0.109587	0.00192538	24056
72	-0.110793	0.00191033	24056
73	-0.111997	0.00189525	24056
74	-0.113199	0.00188017	24056
75	-0.114398	0.00186507	24056
76	-0.115594	0.00184998	24056
77	-0.116788	0.00183488	24056
78	-0.11798	0.00181979	24056
79	-0.119169	0.00180472	24056
80	-0.120356	0.00178966	24056
81	-0.12154	0.00177905	23808
82	-0.122722	0.00176917	23808
83	-0.123902	0.00175924	23808
84	-0.125079	0.00174926	23808
85	-0.126255	0.00173924	23808
86	-0.127428	0.00172918	23808
87	-0.128599	0.00171908	23808
88	-0.129767	0.00170894	23808
89	-0.130934	0.00169876	23808
90	-0.132098	0.00168855	23808
91	-0.13326	0.0016783	23808
92	-0.13442	0.00166803	23808
93	-0.135577	0.00165773	23808
94	-0.136732	0.0016474	23808
95	-0.137885	0.00163704	23808
96	-0.139036	0.00162667	23808
97	-0.140185	0.00161627	23808
98	-0.141331	0.00160586	23808
99	-0.142476	0.00159542	23808
100	-0.143617	0.00158498	23808
101	-0.144757	0.00157452	23808
102	-0.145894	0.00156405	23808
103	-0.147029	0.00155357	23808
104	-0.148162	0.00154308	23808
105	-0.149294	0.00153259	23808
106	-0.150424	0.00152209	23808
107	-0.151552	0.0015116	23808
108	-0.152678	0.0015011	23808
109	-0.153801	0.00149061	23808
110	-0.154922	0.00148012	23808
111	-0.156041	0.00146963	23808
112	-0.157157	0.00145916	23808
113	-0.15827	0.00145095	23560
114	-0.159381	0.0014434	23560
115	-0.16049	0.00143584	23560
116	-0.161596	0.00142827	23560
117	-0.1627	0.00142069	23560
118	-0.163801	0.0014131	23560
119	-0.164899	0.00140551	23560
120	-0.165995	0.0013979	23560
121	-0.167089	0.00139029	23560
122	-0.16818	0.00138267	23560
123	-0.169268	0.00137504	23560
124	-0.170354	0.0013674	23560
125	-0.171437	0.00135976	23560
126	-0.172517	0.00135211	23560
127	-0.173595	0.00134446	23560
128	-0.174671	0.00133681	23560
129	-0.175743	0.00132915	23560
130	-0.176813	0.00132148	23560
131	-0.177881	0.00131382	23560
132	-0.178945	0.00130615	23560
133	-0.180007	0.00129848	23560
134	-0.181067	0.00129081	23560
135	-0.182124	0.00128314	23560
136	-0.183178	0.00127547	23560
137	-0.184229	0.0012678	23560
138	-0.185278	0.00126013	23560
139	-0.186324	0.00125247	23560
140	-0.187367	0.00124481	23560
141	-0.188408	0.00123715	23560
142	-0.189446	0.0012295	23560
143	-0.190481	0.00122185	23560
144	-0.191513	0.00121421	23560
145	-0.192543	0.00120657	23560
146	-0.19357	0.00119894	23560
147	-0.194595	0.00119132	23560
148	-0.195616	0.00118371	23560
149	-0.196635	0.00117774	23312
150	-0.197652	0.00117194	23312
151	-0.198665	0.00116614	23312
152	-0.199676	0.00116034	23312
153	-0.200684	0.00115455	23312
154	-0.20169	0.00114875	23312
155	-0.202693	0.00114296	23312
156	-0.203693	0.00113717	23312
157	-0.20469	0.00113138	23312
158	-0.205685	0.0011256	23312
159	-0.206677	0.00111981	23312
160	-0.207667	0.00111403	23312
161	-0.208654	0.00110825	23312
162	-0.209639	0.00110248	23312
163	-0.210621	0.0010967	23312
164	-0.2116	0.00109093	23312
165	-0.212577	0.00108516	23312
166	-0.213551	0.0010794	23312
167	-0.214522	0.00107363	23312
168	-0.215491	0.00106788	23312
169	-0.216457	0.00106212	23312
170	-0.21742	0.00105637	23312
171	-0.218381	0.00105062	23312
172	-0.219339	0.00104488	23312
173	-0.220294	0.00103914	23312
174	-0.221247	0.00103341	23312
175	-0.222197	0.00102768	23312
176	-0.223144	0.00102196	23312
177	-0.224089	0.00101624	23312
178	-0.225031	0.00101053	23312
179	-0.22597	0.00100482	23312
180	-0.226907	0.000999124	23312
181	-0.227842	0.000993432	23312
182	-0.228773	0.000987746	23312
183	-0.229702	0.000982068	23312
184	-0.230629	0.000977031	23064
185	-0.231553	0.000972535	23064
186	-0.232474	0.000968043	23064
187	-0.233393	0.000963556	23064
188	-0.234309	0.000959074	23064
189	-0.235223	0.000954596	23064
190	-0.236134	0.000950123	23064
191	-0.237042	0.000945654	23064
192	-0.237948	0.00094119	23064
193	-0.238852	0.000937536	23559
194	-0.239753	0.000933926	23559
195	-0.240651	0.000930296	23559
196	-0.241547	0.000926647	23559
197	-0.242441	0.000923445	23311
198	-0.243333	0.000920924	23311
199	-0.244222	0.000918377	23311
200	-0.245108	0.000915803	23311
201	-0.245992	0.000913204	23311
202	-0.246873	0.00091058	23311
203	-0.247752	0.000907931	23311
204	-0.248629	0.000905259	23311
205	-0.249503	0.000902564	23311
206	-0.250375	0.000899845	23311
207	-0.251244	0.000897105	23311
208	-0.252111	0.000894343	23311
209	-0.252975	0.000891559	23311
210	-0.253837	0.000888755	23311
211	-0.254697	0.00088593	23311
212	-0.255554	0.000883086	23311
213	-0.256409	0.000880223	23311
214	-0.257261	0.000877341	23311
215	-0.258112	0.000874441	23311
216	-0.258959	0.000871523	23311
217	-0.259805	0.000868588	23311
218	-0.260648	0.000865636	23311
219	-0.261488	0.000862668	23311
220	-0.262326	0.000859684	23311
221	-0.263162	0.000856684	23311
222	-0.263996	0.00085367	23311
223	-0.264827	0.000850641	23311
224	-0.265656	0.000847598	23311
225	-0.266483	0.000844542	23311
226	-0.267307	0.000841472	23311
227	-0.26813	0.00083839	23311
228	-0.268949	0.000835295	23311
229	-0.269767	0.000832189	23311
230	-0.270582	0.000829071	23311
231	-0.271395	0.000825941	23311
232	-0.272206	0.000822802	23311
233	-0.273014	0.000819652	23311
234	-0.273821	0.000816492	23311
235	-0.274625	0.000813322	23311
236	-0.275426	0.000810144	23311
237	-0.276226	0.000807435	23063
238	-0.277023	0.000805099	23063
239	-0.277818	0.00080275	23063
240	-0.278611	0.000800386	23063
241	-0.279401	0.000798009	23063
242	-0.28019	0.000795619	23063
243	-0.280976	0.000793215	23063
244	-0.28176	0.000790798	23063
245	-0.282542	0.000788368	23063
246	-0.283322	0.000785927	23063
247	-0.284099	0.000783473	23063
248	-0.284874	0.000781007	23063
249	-0.285647	0.00077853	23063
250	-0.286418	0.000776041	23063
251	-0.287187	0.000773542	23063
252	-0.287954	0.000771032	23063
253	-0.288718	0.000768511	23063
254	-0.289481	0.00076598	23063
255	-0.290241	0.000763439	23063
256	-0.290999	0.000760888	23063
257	-0.291755	0.000758328	23063
258	-0.292509	0.000755759	23063
259	-0.29326	0.000753181	23063
260	-0.29401	0.000750594	23063
261	-0.294758	0.000747999	23063
262	-0.295503	0.000745396	23063
263	-0.296246	0.000742785	23063
264	-0.296987	0.000740166	23063
265	-0.297727	0.000737539	23063
266	-0.298464	0.000734905	23063
267	-0.299198	0.000732265	23063
268	-0.299931	0.000729617	23063
269	-0.300662	0.000726964	23063
270	-0.301391	0.000724303	23063
271	-0.302117	0.000721637	23063
272	-0.302842	0.000718965	23063
273	-0.303565	0.000716288	23063
274	-0.304285	0.000713605	23063
275	-0.305004	0.000711084	22815
276	-0.30572	0.000709054	22815
277	-0.306435	0.000707015	22815
278	-0.307147	0.000704967	22815
279	-0.307858	0.000702911	22815
280	-0.308566	0.000700846	22815
281	-0.309272	0.000698773	22815
282	-0.309977	0.000696693	22815
283	-0.310679	0.000694604	22815
284	-0.31138	0.000692508	22815
285	-0.312078	0.000690404	22815
286	-0.312774	0.000688292	22815
287	-0.313469	0.000686174	22815
288	-0.314161	0.000684048	22815
289	-0.314851	0.000681915	22815
290	-0.31554	0.000679776	22815
291	-0.316226	0.00067763	22815
292	-0.31691	0.000675477	22815
293	-0.317593	0.000673318	22815
294	-0.318273	0.000671153	22815
295	-0.318952	0.000668982	22815
296	-0.319628	0.000666805	22815
297	-0.320303	0.000664622	22815
298	-0.320975	0.000662434	22815
299	-0.321646	0.00066024	22815
300	-0.322315	0.000658041	22815
301	-0.322982	0.000655837	22815
302	-0.323646	0.000653627	22815
303	-0.324309	0.000651413	22815
304	-0.32497	0.000649194	22815
305	-0.325629	0.00064697	22815
306	-0.326286	0.000644742	22815
307	-0.326941	0.00064251	22815
308	-0.327594	0.000640273	22815
309	-0.328246	0.000638033	22815
310	-0.328895	0.000635788	22815
311	-0.329543	0.00063354	22815
312	-0.330188	0.000631561	22567
313	-0.330832	0.000629829	22567
314	-0.331473	0.000628091	22567
315	-0.332113	0.000626347	22567
316	-0.332751	0.000624598	22567
317	-0.333388	0.000622842	22567
318	-0.334022	0.000621082	22567
319	-0.334654	0.000619315	22567
320	-0.335285	0.000617543	22567
321	-0.335913	0.000615766	22567
322	-0.33654	0.000613983	22567
323	-0.337165	0.000612195	22567
324	-0.337788	0.000610402	22567
325	-0.338409	0.000608605	22567
326	-0.339028	0.000606802	22567
327	-0.339646	0.000604994	22567
328	-0.340261	0.000603181	22567
329	-0.340875	0.000601364	22567
330	-0.341486	0.000599543	22567
331	-0.342096	0.000597717	22567
332	-0.342705	0.000595886	22567
333	-0.343311	0.000594051	22567
334	-0.343915	0.000592212	22567
335	-0.344518	0.000590369	22567
336	-0.345118	0.000588522	22567
337	-0.345717	0.000586671	22567
338	-0.346314	0.000584816	22567
339	-0.34691	0.000582957	22567
340	-0.347503	0.000581095	22567
341	-0.348095	0.000579229	22567
342	-0.348684	0.00057736	22567
343	-0.349272	0.000575487	22567
344	-0.349858	0.000573611	22567
345	-0.350443	0.000571731	22567
346	-0.351025	0.000569849	22567
347	-0.351606	0.000568078	22319
348	-0.352185	0.000566615	22319
349	-0.352762	0.000565148	22319
350	-0.353338	0.000563677	22319
351	-0.353911	0.000562201	22319
352	-0.354483	0.00056072	22319
353	-0.355053	0.000559236	22319
354	-0.355621	0.000557747	22319
355	-0.356188	0.000556253	22319
356	-0.356752	0.000554756	22319
357	-0.357315	0.000553254	22319
358	-0.357877	0.000551748	22319
359	-0.358436	0.000550239	22319
360	-0.358994	0.000548725	22319
361	-0.35955	0.000547207	22319
362	-0.360104	0.000545686	22319
363	-0.360656	0.000544161	22319
364	-0.361207	0.000542632	22319
365	-0.361756	0.000541099	22319
366	-0.362303	0.000539562	22319
367	-0.362848	0.000538022	22319
368	-0.363392	0.000536479	22319
369	-0.363934	0.000534932	22319
370	-0.364474	0.000533382	22319
371	-0.365013	0.000531828	22319
372	-0.365549	0.000530271	22319
373	-0.366084	0.000528711	22319
374	-0.366618	0.000527147	22319
375	-0.367149	0.000525581	22319
376	-0.367679	0.000524011	22319
377	-0.368208	0.000522439	22319
378	-0.368734	0.000520863	22319
379	-0.369259	0.000519285	22319
380	-0.369782	0.000517704	22319
381	-0.370304	0.000516289	22071
382	-0.370823	0.000515054	22071
383	-0.371342	0.000513816	22071
384	-0.371858	0.000512575	22071
385	-0.372373	0.000511329	22071
386	-0.372886	0.00051008	22071
387	-0.373398	0.000508827	22071
388	-0.373907	0.000507571	22071
389	-0.374415	0.000506311	22071
390	-0.374922	0.000505048	22071
391	-0.375427	0.000503781	22071
392	-0.37593	0.000502511	22071
393	-0.376431	0.000501237	22071
394	-0.376931	0.00049996	22071
395	-0.377429	0.00049868	22071
396	-0.377926	0.000497396	22071
397	-0.378421	0.000496109	22071
398	-0.378914	0.000494819	22071
399	-0.379406	0.000493526	22071
400	-0.379896	0.000492567	22566
401	-0.380385	0.00049166	22566
402	-0.380872	0.000490742	22566
403	-0.381357	0.000489815	22566
404	-0.381841	0.000488878	22566
405	-0.382323	0.00048793	22566
406	-0.382803	0.000486973	22566
407	-0.383282	0.000486007	22566
408	-0.383759	0.000485031	22566
409	-0.384235	0.000484045	22566
410	-0.384709	0.000483051	22566
411	-0.385181	0.000482047	22566
412	-0.385652	0.000481034	22566
413	-0.386121	0.000480013	22566
414	-0.386589	0.000478982	22566
415	-0.387055	0.000477943	22566
416	-0.38752	0.000476896	22566
417	-0.387983	0.00047584	22566
418	-0.388444	0.000474775	22566
419	-0.388904	0.000473703	22566
420	-0.389363	0.000472623	22566
421	-0.38982	0.000471534	22566
422	-0.390275	0.000470438	22566
423	-0.390729	0.000469335	22566
424	-0.391181	0.000468223	22566
425	-0.391631	0.000467104	22566
426	-0.39208	0.000465978	22566
427	-0.392528	0.000464845	22566
428	-0.392974	0.000463705	22566
429	-0.393419	0.000462688	22318
430	-0.393862	0.000461943	22318
431	-0.394303	0.000461189	22318
432	-0.394743	0.000460427	22318
433	-0.395182	0.000459655	22318
434	-0.395619	0.000458874	22318
435	-0.396054	0.000458085	22318
436	-0.396488	0.000457286	22318
437	-0.396921	0.00045648	22318
438	-0.397352	0.000455664	22318
439	-0.397781	0.000454841	22318
440	-0.398209	0.000454008	22318
441	-0.398636	0.000453168	22318
442	-0.399061	0.00045232	22318
443	-0.399484	0.000451463	22318
444	-0.399906	0.000450599	22318
445	-0.400327	0.000449727	22318
446	-0.400746	0.000448847	22318
447	-0.401164	0.000447959	22318
448	-0.401581	0.000447064	22318
449	-0.401995	0.000446162	22318
450	-0.402409	0.000445252	22318
451	-0.402821	0.000444334	22318
452	-0.403231	0.00044341	22318
453	-0.403641	0.000442478	22318
454	-0.404048	0.00044154	22318
455	-0.404454	0.000440594	22318
456	-0.404859	0.000439642	22318
457	-0.405263	0.000438683	22318
458	-0.405665	0.000437717	22318
459	-0.406065	0.000436744	22318
460	-0.406464	0.000435766	22318
461	-0.406862	0.00043478	22318
462	-0.407259	0.000433789	22318
463	-0.407653	0.000432791	22318
464	-0.408047	0.000431787	22318
465	-0.408439	0.000430973	22070
466	-0.40883	0.000430314	22070
467	-0.409219	0.000429647	22070
468	-0.409607	0.000428973	22070
469	-0.409994	0.000428291	22070
470	-0.410379	0.000427601	22070
471	-0.410763	0.000426904	22070
472	-0.411146	0.000426199	22070
473	-0.411527	0.000425488	22070
474	-0.411906	0.000424768	22070
475	-0.412285	0.000424042	22070
476	-0.412662	0.000423309	22070
477	-0.413038	0.000422568	22070
478	-0.413412	0.000421821	22070
479	-0.413785	0.000421066	22070
480	-0.414157	0.000420305	22070
481	-0.414528	0.000419537	22070
482	-0.414897	0.000418762	22070
483	-0.415264	0.000417981	22070
484	-0.415631	0.000417193	22070
485	-0.415996	0.000416398	22070
486	-0.41636	0.000415598	22070
487	-0.416723	0.000414791	22070
488	-0.417084	0.000413977	22070
489	-0.417444	0.000413158	22070
490	-0.417802	0.000412332	22070
491	-0.41816	0.0004115	22070
492	-0.418516	0.000410662	22070
493	-0.418871	0.000409819	22070
494	-0.419224	0.000408969	22070
495	-0.419576	0.000408114	22070
496	-0.419927	0.000407253	22070
497	-0.420277	0.000406387	22070
498	-0.420625	0.000405514	22070
499	-0.420972	0.000404637	22070
500	-0.421318	0.000403979	21822
501	-0.421663	0.000403404	21822
502	-0.422006	0.000402823	21822
503	-0.422348	0.000402235	21822
504	-0.422689	0.00040164	21822
505	-0.423029	0.000401039	21822
506	-0.423367	0.00040043	21822
507	-0.423704	0.000399816	21822
508	-0.42404	0.000399195	21822
509	-0.424375	0.000398567	21822
510	-0.424708	0.000397933	21822
511	-0.425041	0.000397293	21822
512	-0.425372	0.000396646	21822
513	-0.425701	0.000395993	21822
514	-0.42603	0.000395334	21822
515	-0.426358	0.000394669	21822
516	-0.426684	0.000393998	21822
517	-0.427009	0.000393321	21822
518	-0.427333	0.000392639	21822
519	-0.427656	0.00039195	21822
520	-0.427977	0.000391255	21822
521	-0.428297	0.000390555	21822
522	-0.428617	0.000389849	21822
523	-0.428935	0.000389137	21822
524	-0.429251	0.00038842	21822
525	-0.429567	0.000387697	21822
526	-0.429882	0.000386969	21822
527	-0.430195	0.000386236	21822
528	-0.430507	0.000385497	21822
529	-0.430818	0.000384753	21822
530	-0.431128	0.000384335	18600
531	-0.431437	0.000384003	18600
532	-0.431744	0.000383668	18600
533	-0.432051	0.000383331	18600
534	-0.432356	0.000382992	18600
535	-0.43266	0.00038265	18600
536	-0.432963	0.000382306	18600
537	-0.433265	0.00038196	18600
538	-0.433566	0.000381612	18600
539	-0.433866	0.000381261	18600
540	-0.434165	0.000380909	18600
541	-0.434462	0.000380554	18600
542	-0.434759	0.000380197	18600
543	-0.435054	0.000379837	18600
544	-0.435348	0.000379476	18600
545	-0.435642	0.000379112	18600
546	-0.435934	0.000378747	18600
547	-0.436225	0.000378379	18600
548	-0.436515	0.000378009	18600
549	-0.436803	0.000377637	18600
550	-0.437091	0.000377263	18600
551	-0.437378	0.000376898	18352
552	-0.437664	0.000376615	18352
553	-0.437948	0.00037633	18352
554	-0.438232	0.000376043	18352
555	-0.438514	0.000375753	18352
556	-0.438796	0.000375461	18352
557	-0.439076	0.000375167	18352
558	-0.439355	0.000374871	18352
559	-0.439634	0.000374572	18352
560	-0.439911	0.000374271	18352
561	-0.440187	0.000373968	18352
562	-0.440462	0.000373663	18352
563	-0.440737	0.000373356	18352
564	-0.44101	0.000373046	18352
565	-0.441282	0.000372734	18352
566	-0.441553	0.00037242	18352
567	-0.441823	0.000372104	18352
568	-0.442092	0.000371786	18352
569	-0.44236	0.000371465	18352
570	-0.442627	0.000371143	18352
571	-0.442893	0.000370818	18352
572	-0.443158	0.000370491	18352
573	-0.443422	0.000370162	18352
574	-0.443685	0.000369831	18352
575	-0.443947	0.000369498	18352
576	-0.444208	0.000369163	18352
577	-0.444469	0.000368826	18352
578	-0.444728	0.000368508	18104
579	-0.444986	0.000368255	18104
580	-0.445243	0.000368	18104
581	-0.4455	0.000367743	18104
582	-0.445755	0.000367484	18104
583	-0.446009	0.000367223	18104
584	-0.446263	0.000366959	18104
585	-0.446515	0.000366694	18104
586	-0.446767	0.000366426	18104
587	-0.447017	0.000366156	18104
588	-0.447267	0.000365883	18104
589	-0.447516	0.000365609	18104
590	-0.447764	0.000365333	18104
591	-0.44801	0.000365054	18104
592	-0.448256	0.000364773	18104
593	-0.448501	0.00036449	18104
594	-0.448745	0.000364205	18104
595	-0.448989	0.000363918	18104
596	-0.449231	0.000363629	18104
597	-0.449472	0.000363338	18104
598	-0.449713	0.000363045	18104
599	-0.449952	0.00036275	18104
600	-0.450191	0.000362452	18104
601	-0.450429	0.000362153	18104
602	-0.450665	0.000361852	18104
603	-0.450901	0.000361548	18104
604	-0.451136	0.000361243	18104
605	-0.45137	0.000360936	18104
606	-0.451604	0.000360672	17856
607	-0.451836	0.000360443	17856
608	-0.452068	0.000360212	17856
609	-0.452298	0.000359979	17856
610	-0.452528	0.000359744	17856
611	-0.452757	0.000359507	17856
612	-0.452985	0.000359267	17856
613	-0.453212	0.000359026	17856
614	-0.453439	0.000358782	17856
615	-0.453664	0.000358536	17856
616	-0.453889	0.000358289	17856
617	-0.454113	0.000358039	17856
618	-0.454336	0.000357787	17856
619	-0.454558	0.000357533	17856
620	-0.45478	0.000357277	17856
621	-0.455	0.000357019	17856
622	-0.45522	0.000356759	17856
623	-0.455439	0.000356497	17856
624	-0.455657	0.000356233	17856
625	-0.455874	0.000355967	17856
626	-0.456091	0.000355699	17856
627	-0.456306	0.000355429	17856
628	-0.456521	0.000355157	17856
629	-0.456735	0.000354883	17856
630	-0.456948	0.000354607	17856
631	-0.457161	0.00035433	17856
632	-0.457372	0.00035405	17856
633	-0.457583	0.000353768	17856
634	-0.457793	0.000353537	17608
635	-0.458002	0.000353329	17608
636	-0.458211	0.000353118	17608
637	-0.458419	0.000352905	17608
638	-0.458625	0.000352691	17608
639	-0.458832	0.000352474	17608
640	-0.459037	0.000352255	17608
641	-0.459241	0.000352034	17608
642	-0.459445	0.000351812	17608
643	-0.459648	0.000351587	17608
644	-0.459851	0.00035136	17608
645	-0.460052	0.000351131	17608
646	-0.460253	0.000350901	17608
647	-0.460453	0.000350668	17608
648	-0.460652	0.000350433	17608
649	-0.460851	0.000350196	17608
650	-0.461048	0.000349958	17608
651	-0.461245	0.000349717	17608
652	-0.461442	0.000349475	17608
653	-0.461637	0.00034923	17608
654	-0.461832	0.000348984	17608
655	-0.462026	0.000348736	17608
656	-0.46222	0.000348486	17608
657	-0.462413	0.000348234	17608
658	-0.462605	0.00034798	17608
659	-0.462796	0.000347724	17608
660	-0.462987	0.000347467	17608
661	-0.463176	0.000347207	17608
662	-0.463366	0.000346962	17360
663	-0.463554	0.00034677	17360
664	-0.463742	0.000346577	17360
665	-0.463929	0.000346382	17360
666	-0.464115	0.000346185	17360
667	-0.464301	0.000345986	17360
668	-0.464486	0.000345785	17360
669	-0.46467	0.000345582	17360
670	-0.464854	0.000345378	17360
671	-0.465037	0.000345171	17360
672	-0.465219	0.000344962	17360
673	-0.465401	0.000344752	17360
674	-0.465582	0.000344539	17360
675	-0.465762	0.000344325	17360
676	-0.465942	0.000344108	17360
677	-0.466121	0.00034389	17360
678	-0.466299	0.00034367	17360
679	-0.466476	0.000343448	17360
680	-0.466653	0.000343225	17360
681	-0.46683	0.000342999	17360
682	-0.467005	0.000342771	17360
683	-0.46718	0.000342542	17360
684	-0.467354	0.000342311	17360
685	-0.467528	0.000342078	17360
686	-0.467701	0.000341844	17360
687	-0.467873	0.000341607	17360
688	-0.468045	0.000341369	17360
689	-0.468216	0.000341129	17360
690	-0.468387	0.000340887	17360
691	-0.468557	0.000340672	17112
692	-0.468726	0.000340494	17112
693	-0.468895	0.000340314	17112
694	-0.469063	0.000340132	17112
695	-0.46923	0.000339949	17112
696	-0.469397	0.000339763	17112
697	-0.469563	0.000339576	17112
698	-0.469729	0.000339387	17112
699	-0.469894	0.000339196	17112
700	-0.470058	0.000339003	17112
701	-0.470222	0.000338808	17112
702	-0.470385	0.000338611	17112
703	-0.470548	0.000338413	17112
704	-0.47071	0.000338213	17112
705	-0.470871	0.000338011	17112
706	-0.471032	0.000337807	17112
707	-0.471193	0.000337601	17112
708	-0.471352	0.000337394	17112
709	-0.471511	0.000337185	17112
710	-0.47167	0.000336974	17112
711	-0.471828	0.000336761	17112
712	-0.471985	0.000336547	17112
713	-0.472142	0.000336331	17112
714	-0.472298	0.000336113	17112
715	-0.472454	0.000335893	17112
716	-0.472609	0.000335672	17112
717	-0.472763	0.000335449	17112
718	-0.472917	0.000335224	17112
719	-0.47307	0.000334997	17112
720	-0.473223	0.000334802	16864
721	-0.473375	0.000334635	16864
722	-0.473527	0.000334467	16864
723	-0.473678	0.000334297	16864
724	-0.473829	0.000334125	16864
725	-0.473979	0.000333951	16864
726	-0.474128	0.000333775	16864
727	-0.474277	0.000333598	16864
728	-0.474426	0.000333419	16864
729	-0.474573	0.000333238	16864
730	-0.474721	0.000333056	16864
731	-0.474868	0.000332871	16864
732	-0.475014	0.000332685	16864
733	-0.47516	0.000332497	16864
734	-0.475305	0.000332308	16864
735	-0.47545	0.000332116	16864
736	-0.475594	0.000331923	16864
737	-0.475738	0.000331729	16864
738	-0.475882	0.000331532	16864
739	-0.476024	0.000331334	16864
740	-0.476167	0.000331134	16864
741	-0.476309	0.000330933	16864
742	-0.47645	0.00033073	16864
743	-0.476591	0.000330525	16864
744	-0.476731	0.000330318	16864
745	-0.476871	0.00033011	16864
746	-0.47701	0.0003299	16864
747	-0.477149	0.000329689	16864
748	-0.477287	0.000329476	16864
749	-0.477425	0.000329283	16616
750	-0.477562	0.000329126	16616
751	-0.477699	0.000328968	16616
752	-0.477835	0.000328807	16616
753	-0.477971	0.000328646	16616
754	-0.478106	0.000328482	16616
755	-0.478241	0.000328317	16616
756	-0.478375	0.00032815	16616
757	-0.478509	0.000327981	16616
758	-0.478642	0.000327811	16616
759	-0.478775	0.000327639	16616
760	-0.478908	0.000327465	16616
761	-0.47904	0.00032729	16616
762	-0.479171	0.000327113	16616
763	-0.479302	0.000326934	16616
764	-0.479433	0.000326754	16616
765	-0.479563	0.000326572	16616
766	-0.479693	0.000326388	16616
767	-0.479822	0.000326203	16616
768	-0.479951	0.000326016	16616
769	-0.48008	0.000325827	16616
770	-0.480208	0.000325637	16616
771	-0.480335	0.000325446	16616
772	-0.480463	0.000325252	16616
773	-0.480589	0.000325058	16616
774	-0.480715	0.000324861	16616
775	-0.480841	0.000324663	16616
776	-0.480967	0.000324464	16616
777	-0.481092	0.000324263	16616
778	-0.481216	0.000324067	16368
779	-0.48134	0.000323919	16368
780	-0.481464	0.000323769	16368
781	-0.481587	0.000323618	16368
782	-0.48171	0.000323465	16368
783	-0.481832	0.00032331	16368
784	-0.481954	0.000323154	16368
785	-0.482076	0.000322996	16368
786	-0.482197	0.000322837	16368
787	-0.482318	0.000322675	16368
788	-0.482438	0.000322513	16368
789	-0.482558	0.000322348	16368
790	-0.482677	0.000322183	16368
791	-0.482796	0.000322015	16368
792	-0.482915	0.000321846	16368
793	-0.483033	0.000321675	16368
794	-0.483151	0.000321503	16368
795	-0.483268	0.000321329	16368
796	-0.483385	0.000321154	16368
797	-0.483502	0.000320977	16368
798	-0.483618	0.000320799	16368
799	-0.483734	0.000320619	16368
800	-0.48385	0.000320437	16368
801	-0.483965	0.000320254	16368
802	-0.48408	0.00032007	16368
803	-0.484194	0.000319884	16368
804	-0.484308	0.000319696	16368
805	-0.484422	0.000319507	16368
806	-0.484535	0.000319317	16368
807	-0.484648	0.000319125	16368
808	-0.484761	0.000318961	16120
809	-0.484873	0.000318819	16120
810	-0.484985	0.000318675	16120
811	-0.485096	0.00031853	16120
812	-0.485207	0.000318383	16120
813	-0.485318	0.000318235	16120
814	-0.485428	0.000318085	16120
815	-0.485538	0.000317934	16120
816	-0.485648	0.000317781	16120
817	-0.485757	0.000317627	16120
818	-0.485866	0.000317471	16120
819	-0.485974	0.000317313	16120
820	-0.486082	0.000317154	16120
821	-0.48619	0.000316994	16120
822	-0.486297	0.000316832	16120
823	-0.486404	0.000316668	16120
824	-0.486511	0.000316503	16120
825	-0.486617	0.000316337	16120
826	-0.486723	0.000316169	16120
827	-0.486829	0.000316	16120
828	-0.486934	0.000315829	16120
829	-0.487039	0.000315656	16120
830	-0.487144	0.000315482	16120
831	-0.487248	0.000315307	16120
832	-0.487353	0.00031513	16120
833	-0.487456	0.000314952	16120
834	-0.48756	0.000314773	16120
835	-0.487663	0.000314592	16120
836	-0.487765	0.000314409	16120
837	-0.487868	0.000314231	15872
838	-0.48797	0.000314096	15872
839	-0.488072	0.000313959	15872
840	-0.488173	0.000313821	15872
841	-0.488274	0.000313681	15872
842	-0.488375	0.00031354	15872
843	-0.488475	0.000313397	15872
844	-0.488576	0.000313253	15872
845	-0.488675	0.000313108	15872
846	-0.488775	0.000312961	15872
847	-0.488874	0.000312812	15872
848	-0.488973	0.000312662	15872
849	-0.489071	0.000312511	15872
850	-0.48917	0.000312358	15872
851	-0.489268	0.000312204	15872
852	-0.489365	0.000312048	15872
853	-0.489462	0.000311891	15872
854	-0.489559	0.000311732	15872
855	-0.489656	0.000311572	15872
856	-0.489752	0.000311411	15872
857	-0.489848	0.000311248	15872
858	-0.489944	0.000311084	15872
859	-0.49004	0.000310918	15872
860	-0.490135	0.000310752	15872
861	-0.49023	0.000310583	15872
862	-0.490325	0.000310413	15872
863	-0.490419	0.000310242	15872
864	-0.490513	0.00031007	15872
865	-0.490607	0.000309896	15872
866	-0.490701	0.000309721	15872
867	-0.490794	0.000309568	15624
868	-0.490887	0.000309438	15624
869	-0.49098	0.000309306	15624
870	-0.491072	0.000309173	15624
871	-0.491164	0.000309038	15624
872	-0.491256	0.000308902	15624
873	-0.491348	0.000308764	15624
874	-0.491439	0.000308625	15624
875	-0.49153	0.000308485	15624
876	-0.491621	0.000308343	15624
877	-0.491711	0.0003082	15624
878	-0.491802	0.000308055	15624
879	-0.491892	0.000307909	15624
880	-0.491981	0.000307762	15624
881	-0.492071	0.000307613	15624
882	-0.49216	0.000307463	15624
883	-0.492249	0.000307312	15624
884	-0.492337	0.000307159	15624
885	-0.492425	0.000307005	15624
886	-0.492513	0.000306849	15624
887	-0.492601	0.000306693	15624
888	-0.492689	0.000306534	15624
889	-0.492776	0.000306375	15624
890	-0.492863	0.000306214	15624
891	-0.49295	0.000306052	15624
892	-0.493036	0.000305889	15624
893	-0.493123	0.000305724	15624
894	-0.493209	0.000305558	15624
895	-0.493295	0.000305391	15624
896	-0.49338	0.000305222	15624
897	-0.493466	0.000305094	15376
898	-0.493551	0.000304968	15376
899	-0.493636	0.00030484	15376
900	-0.493721	0.000304711	15376
901	-0.493805	0.000304581	15376
902	-0.493889	0.000304449	15376
903	-0.493973	0.000304316	15376
904	-0.494057	0.000304182	15376
905	-0.49414	0.000304046	15376
906	-0.494223	0.000303909	15376
907	-0.494306	0.00030377	15376
908	-0.494389	0.000303631	15376
909	-0.494471	0.00030349	15376
910	-0.494554	0.000303347	15376
911	-0.494636	0.000303204	15376
912	-0.494718	0.000303059	15376
913	-0.494799	0.000302912	15376
914	-0.494881	0.000302765	15376
915	-0.494962	0.000302616	15376
916	-0.495042	0.000302466	15376
917	-0.495123	0.000302315	15376
918	-0.495204	0.000302162	15376
919	-0.495284	0.000302008	15376
920	-0.495364	0.000301853	15376
921	-0.495444	0.000301696	15376
922	-0.495523	0.000301539	15376
923	-0.495602	0.00030138	15376
924	-0.495682	0.00030122	15376
925	-0.495761	0.000301058	15376
926	-0.495839	0.00030091	15128
927	-0.495918	0.000300789	15128
928	-0.495996	0.000300666	15128
929	-0.496074	0.000300542	15128
930	-0.496152	0.000300417	15128
931	-0.49623	0.000300291	15128
932	-0.496307	0.000300163	15128
933	-0.496385	0.000300034	15128
934	-0.496462	0.000299904	15128
935	-0.496539	0.000299773	15128
936	-0.496615	0.00029964	15128
937	-0.496692	0.000299506	15128
938	-0.496768	0.00029937	15128
939	-0.496844	0.000299234	15128
940	-0.49692	0.000299096	15128
941	-0.496996	0.000298957	15128
942	-0.497071	0.000298817	15128
943	-0.497146	0.000298675	15128
944	-0.497221	0.000298532	15128
945	-0.497296	0.000298388	15128
946	-0.497371	0.000298243	15128
947	-0.497446	0.000298097	15128
948	-0.49752	0.000297949	15128
949	-0.497594	0.0002978	15128
950	-0.497668	0.00029765	15128
951	-0.497742	0.000297499	15128
952	-0.497815	0.000297347	15128
953	-0.497889	0.000297193	15128
954	-0.497962	0.000297038	15128
955	-0.498035	0.000296882	15128
956	-0.498108	0.000296759	14880
957	-0.498181	0.000296641	14880
958	-0.498253	0.000296522	14880
959	-0.498325	0.000296402	14880
960	-0.498397	0.00029628	14880
961	-0.498469	0.000296157	14880
962	-0.498541	0.000296033	14880
963	-0.498613	0.000295908	14880
964	-0.498684	0.000295782	14880
965	-0.498755	0.000295654	14880
966	-0.498826	0.000295525	14880
967	-0.498897	0.000295395	14880
968	-0.498968	0.000295264	14880
969	-0.499038	0.000295131	14880
970	-0.499109	0.000294997	14880
971	-0.499179	0.000294863	14880
972	-0.499249	0.000294726	14880
973	-0.499318	0.000294589	14880
974	-0.499388	0.000294451	14880
975	-0.499458	0.000294311	14880
976	-0.499527	0.000294171	14880
977	-0.499596	0.000294029	14880
978	-0.499665	0.000293886	14880
979	-0.499734	0.000293741	14880
980	-0.499803	0.000293596	14880
981	-0.499872	0.00029345	14880
982	-0.49994	0.000293302	14880
983	-0.500008	0.000293153	14880
984	-0.500076	0.000293003	14880
985	-0.500144	0.000292852	14880
986	-0.500212	0.000292736	14632
987	-0.50028	0.000292621	14632
988	-0.500347	0.000292505	14632
989	-0.500415	0.000292388	14632
990	-0.500482	0.00029227	14632
991	-0.500549	0.00029215	14632
992	-0.500616	0.000292029	14632
993	-0.500682	0.000291908	14632
994	-0.500749	0.000291785	14632
995	-0.500815	0.000291661	14632
996	-0.500881	0.000291535	14632
997	-0.500947	0.000291409	14632
998	-0.501013	0.000291281	14632
999	-0.501079	0.000291153	14632
1000	-0.501144	0.000291023	14632
1001	-0.50121	0.000290892	14632
1002	-0.501275	0.00029076	14632
1003	-0.50134	0.000290626	14632
1004	-0.501405	0.000290492	14632
1005	-0.50147	0.000290357	14632
1006	-0.501535	0.00029022	14632
1007	-0.5016	0.000290082	14632
1008	-0.501664	0.000289944	14632
1009	-0.501728	0.000289804	14632
1010	-0.501793	0.000289663	14632
1011	-0.501857	0.000289521	14632
1012	-0.501921	0.000289378	14632
1013	-0.501984	0.000289233	14632
1014	-0.502048	0.000289088	14632
1015	-0.502112	0.00028896	14384
1016	-0.502175	0.00028885	14384
1017	-0.502239	0.000288738	14384
1018	-0.502302	0.000288625	14384
1019	-0.502365	0.000288511	14384
1020	-0.502428	0.000288395	14384
1021	-0.50249	0.000288279	14384
1022	-0.502553	0.000288161	14384
1023	-0.502616	0.000288043	14384
1024	-0.502678	0.000287923	14384
1025	-0.50274	0.000287802	14384
1026	-0.502802	0.00028768	14384
1027	-0.502864	0.000287557	14384
1028	-0.502926	0.000287433	14384
1029	-0.502988	0.000287308	14384
1030	-0.503049	0.000287181	14384
1031	-0.503111	0.000287054	14384
1032	-0.503172	0.000286925	14384
1033	-0.503233	0.000286796	14384
1034	-0.503294	0.000286665	14384
1035	-0.503355	0.000286534	14384
1036	-0.503416	0.000286401	14384
1037	-0.503476	0.000286267	14384
1038	-0.503537	0.000286132	14384
1039	-0.503597	0.000285996	14384
1040	-0.503658	0.000285859	14384
1041	-0.503718	0.000285722	14384
1042	-0.503778	0.000285583	14384
1043	-0.503838	0.000285443	14384
1044	-0.503898	0.000285301	14384
1045	-0.503958	0.000285192	14136
1046	-0.504018	0.000285084	14136
1047	-0.504077	0.000284975	14136
1048	-0.504137	0.000284865	14136
1049	-0.504196	0.000284753	14136
1050	-0.504255	0.000284641	14136
1051	-0.504314	0.000284527	14136
1052	-0.504373	0.000284412	14136
1053	-0.504432	0.000284297	14136
1054	-0.504491	0.00028418	14136
1055	-0.50455	0.000284062	14136
1056	-0.504608	0.000283943	14136
1057	-0.504667	0.000283823	14136
1058	-0.504725	0.000283702	14136
1059	-0.504783	0.00028358	14136
1060	-0.504841	0.000283457	14136
1061	-0.504899	0.000283333	14136
1062	-0.504957	0.000283208	14136
1063	-0.505015	0.000283082	14136
1064	-0.505073	0.000282955	14136
1065	-0.50513	0.000282826	14136
1066	-0.505188	0.000282697	14136
1067	-0.505245	0.000282567	14136
1068	-0.505302	0.000282436	14136
1069	-0.505359	0.000282304	14136
1070	-0.505416	0.000282171	14136
1071	-0.505473	0.000282036	14136
1072	-0.50553	0.000281901	14136
1073	-0.505587	0.000281765	14136
1074	-0.505644	0.000281634	13888
1075	-0.5057	0.00028153	13888
1076	-0.505757	0.000281424	13888
1077	-0.505813	0.000281317	13888
1078	-0.50587	0.000281209	13888
1079	-0.505926	0.0002811	13888
1080	-0.505982	0.00028099	13888
1081	-0.506038	0.000280879	13888
1082	-0.506094	0.000280767	13888
1083	-0.50615	0.000280654	13888
1084	-0.506205	0.00028054	13888
1085	-0.506261	0.000280425	13888
1086	-0.506316	0.000280309	13888
1087	-0.506372	0.000280192	13888
1088	-0.506427	0.000280074	13888
1089	-0.506482	0.000279956	13888
1090	-0.506538	0.000279836	13888
1091	-0.506593	0.000279715	13888
1092	-0.506648	0.000279593	13888
1093	-0.506702	0.00027947	13888
1094	-0.506757	0.000279346	13888
1095	-0.506812	0.000279221	13888
1096	-0.506866	0.000279095	13888
1097	-0.506921	0.000278969	13888
1098	-0.506975	0.000278841	13888
1099	-0.50703	0.000278712	13888
1100	-0.507084	0.000278583	13888
1101	-0.507138	0.000278452	13888
1102	-0.507192	0.00027832	13888
1103	-0.507246	0.000278188	13888
1104	-0.5073	0.000278084	13640
1105	-0.507354	0.000277982	13640
1106	-0.507408	0.000277878	13640
1107	-0.507461	0.000277773	13640
1108	-0.507515	0.000277668	13640
1109	-0.507568	0.000277561	13640
1110	-0.507622	0.000277454	13640
1111	-0.507675	0.000277345	13640
1112	-0.507728	0.000277236	13640
1113	-0.507782	0.000277126	13640
1114	-0.507835	0.000277014	13640
1115	-0.507888	0.000276902	13640
1116	-0.507941	0.000276789	13640
1117	-0.507994	0.000276674	13640
1118	-0.508046	0.000276559	13640
1119	-0.508099	0.000276443	13640
1120	-0.508152	0.000276326	13640
1121	-0.508204	0.000276208	13640
1122	-0.508257	0.000276089	13640
1123	-0.508309	0.000275969	13640
1124	-0.508361	0.000275848	13640
1125	-0.508413	0.000275726	13640
1126	-0.508465	0.000275604	13640
1127	-0.508517	0.00027548	13640
1128	-0.508569	0.000275356	13640
1129	-0.508621	0.00027523	13640
1130	-0.508673	0.000275104	13640
1131	-0.508725	0.000274977	13640
1132	-0.508776	0.000274849	13640
1133	-0.508828	0.000274726	13392
1134	-0.50888	0.000274627	13392
1135	-0.508931	0.000274526	13392
1136	-0.508983	0.000274425	13392
1137	-0.509034	0.000274323	13392
1138	-0.509085	0.000274219	13392
1139	-0.509137	0.000274115	13392
1140	-0.509188	0.00027401	13392
1141	-0.509239	0.000273904	13392
1142	-0.50929	0.000273797	13392
1143	-0.509341	0.000273689	13392
1144	-0.509392	0.00027358	13392
1145	-0.509443	0.00027347	13392
1146	-0.509493	0.000273359	13392
1147	-0.509544	0.000273248	13392
1148	-0.509594	0.000273135	13392
1149	-0.509645	0.000273022	13392
1150	-0.509695	0.000272907	13392
1151	-0.509746	0.000272792	13392
1152	-0.509796	0.000272676	13392
1153	-0.509846	0.000272559	13392
1154	-0.509896	0.000272441	13392
1155	-0.509946	0.000272322	13392
1156	-0.509996	0.000272202	13392
1157	-0.510046	0.000272082	13392
1158	-0.510096	0.00027196	13392
1159	-0.510146	0.000271838	13392
1160	-0.510195	0.000271715	13392
1161	-0.510245	0.000271591	13392
1162	-0.510295	0.000271466	13392
1163	-0.510344	0.000271367	13144
1164	-0.510394	0.000271269	13144
1165	-0.510443	0.000271171	13144
1166	-0.510493	0.000271071	13144
1167	-0.510542	0.000270971	13144
1168	-0.510592	0.00027087	13144
1169	-0.510641	0.000270767	13144
1170	-0.51069	0.000270664	13144
1171	-0.510739	0.00027056	13144
1172	-0.510788	0.000270456	13144
1173	-0.510837	0.00027035	13144
1174	-0.510886	0.000270243	13144
1175	-0.510935	0.000270136	13144
1176	-0.510984	0.000270028	13144
1177	-0.511033	0.000269918	13144
1178	-0.511081	0.000269808	13144
1179	-0.51113	0.000269697	13144
1180	-0.511179	0.000269586	13144
1181	-0.511227	0.000269473	13144
1182	-0.511275	0.000269359	13144
1183	-0.511324	0.000269245	13144
1184	-0.511372	0.00026913	13144
1185	-0.51142	0.000269014	13144
1186	-0.511468	0.000268897	13144
1187	-0.511517	0.000268779	13144
1188	-0.511565	0.000268661	13144
1189	-0.511613	0.000268541	13144
1190	-0.511661	0.000268421	13144
1191	-0.511709	0.0002683	13144
1192	-0.511756	0.000268183	12896
1193	-0.511804	0.000268088	12896
1194	-0.511852	0.000267993	12896
1195	-0.5119	0.000267896	12896
1196	-0.511948	0.000267798	12896
1197	-0.511995	0.0002677	12896
1198	-0.512043	0.000267601	12896
1199	-0.51209	0.000267501	12896
1200	-0.512138	0.0002674	12896
1201	-0.512185	0.000267298	12896
1202	-0.512233	0.000267195	12896
1203	-0.51228	0.000267092	12896
1204	-0.512327	0.000266987	12896
1205	-0.512375	0.000266882	12896
1206	-0.512422	0.000266776	12896
1207	-0.512469	0.000266669	12896
1208	-0.512516	0.000266561	12896
1209	-0.512563	0.000266453	12896
1210	-0.51261	0.000266343	12896
1211	-0.512656	0.000266233	12896
1212	-0.512703	0.000266122	12896
1213	-0.51275	0.00026601	12896
1214	-0.512797	0.000265898	12896
1215	-0.512843	0.000265784	12896
1216	-0.51289	0.00026567	12896
1217	-0.512937	0.000265555	12896
1218	-0.512983	0.000265439	12896
1219	-0.51303	0.000265323	12896
1220	-0.513076	0.000265205	12896
1221	-0.513123	0.000265087	12896
1222	-0.513169	0.000264994	12648
1223	-0.513216	0.000264901	12648
1224	-0.513262	0.000264807	12648
1225	-0.513308	0.000264712	12648
1226	-0.513354	0.000264616	12648
1227	-0.5134	0.00026452	12648
1228	-0.513446	0.000264422	12648
1229	-0.513492	0.000264324	12648
1230	-0.513538	0.000264225	12648
1231	-0.513584	0.000264125	12648
1232	-0.51363	0.000264025	12648
1233	-0.513676	0.000263923	12648
1234	-0.513722	0.000263821	12648
1235	-0.513768	0.000263718	12648
1236	-0.513813	0.000263614	12648
1237	-0.513859	0.000263509	12648
1238	-0.513905	0.000263404	12648
1239	-0.51395	0.000263297	12648
1240	-0.513996	0.00026319	12648
1241	-0.514041	0.000263083	12648
1242	-0.514086	0.000262974	12648
1243	-0.514132	0.000262865	12648
1244	-0.514177	0.000262754	12648
1245	-0.514222	0.000262644	12648
1246	-0.514268	0.000262532	12648
1247	-0.514313	0.000262419	12648
1248	-0.514358	0.000262306	12648
1249	-0.514404	0.000262192	12648
1250	-0.514449	0.000262077	12648
1251	-0.514494	0.000261974	12400
1252	-0.514539	0.000261883	12400
1253	-0.514584	0.000261791	12400
1254	-0.514629	0.000261699	12400
1255	-0.514674	0.000261606	12400
1256	-0.514719	0.000261512	12400
1257	-0.514763	0.000261417	12400
1258	-0.514808	0.000261321	12400
1259	-0.514853	0.000261225	12400
1260	-0.514897	0.000261128	12400
1261	-0.514942	0.00026103	12400
1262	-0.514987	0.000260931	12400
1263	-0.515031	0.000260832	12400
1264	-0.515076	0.000260731	12400
1265	-0.51512	0.00026063	12400
1266	-0.515165	0.000260528	12400
1267	-0.515209	0.000260426	12400
1268	-0.515253	0.000260323	12400
1269	-0.515298	0.000260218	12400
1270	-0.515342	0.000260114	12400
1271	-0.515386	0.000260008	12400
1272	-0.51543	0.000259902	12400
1273	-0.515475	0.000259795	12400
1274	-0.515519	0.000259687	12400
1275	-0.515563	0.000259578	12400
1276	-0.515607	0.000259469	12400
1277	-0.515651	0.000259359	12400
1278	-0.515695	0.000259248	12400
1279	-0.515739	0.000259137	12400
1280	-0.515783	0.000259031	12152
1281	-0.515827	0.000258942	12152
1282	-0.515871	0.000258853	12152
1283	-0.515914	0.000258763	12152
1284	-0.515958	0.000258672	12152
1285	-0.516002	0.000258581	12152
1286	-0.516046	0.000258488	12152
1287	-0.516089	0.000258395	12152
1288	-0.516133	0.000258301	12152
1289	-0.516176	0.000258207	12152
1290	-0.51622	0.000258111	12152
1291	-0.516263	0.000258015	12152
1292	-0.516306	0.000257918	12152
1293	-0.51635	0.000257821	12152
1294	-0.516393	0.000257722	12152
1295	-0.516437	0.000257623	12152
1296	-0.51648	0.000257523	12152
1297	-0.516523	0.000257423	12152
1298	-0.516566	0.000257321	12152
1299	-0.51661	0.000257219	12152
1300	-0.516653	0.000257117	12152
1301	-0.516696	0.000257013	12152
1302	-0.516739	0.000256909	12152
1303	-0.516782	0.000256804	12152
1304	-0.516825	0.000256699	12152
1305	-0.516868	0.000256592	12152
1306	-0.516911	0.000256485	12152
1307	-0.516954	0.000256378	12152
1308	-0.516997	0.000256269	12152
1309	-0.51704	0.00025616	12152
1310	-0.517083	0.000256069	11904
1311	-0.517126	0.000255981	11904
1312	-0.517168	0.000255894	11904
1313	-0.517211	0.000255805	11904
1314	-0.517254	0.000255716	11904
1315	-0.517296	0.000255626	11904
1316	-0.517339	0.000255535	11904
1317	-0.517381	0.000255443	11904
1318	-0.517424	0.000255351	11904
1319	-0.517466	0.000255258	11904
1320	-0.517508	0.000255165	11904
1321	-0.517551	0.00025507	11904
1322	-0.517593	0.000254975	11904
1323	-0.517636	0.000254879	11904
1324	-0.517678	0.000254783	11904
1325	-0.51772	0.000254686	11904
1326	-0.517763	0.000254588	11904
1327	-0.517805	0.000254489	11904
1328	-0.517847	0.00025439	11904
1329	-0.517889	0.00025429	11904
1330	-0.517931	0.000254189	11904
1331	-0.517974	0.000254088	11904
1332	-0.518016	0.000253986	11904
1333	-0.518058	0.000253883	11904
1334	-0.5181	0.00025378	11904
1335	-0.518142	0.000253676	11904
1336	-0.518184	0.000253571	11904
1337	-0.518226	0.000253465	11904
1338	-0.518267	0.000253359	11904
1339	-0.518309	0.00025327	11656
1340	-0.518351	0.000253185	11656
1341	-0.518393	0.0002531	11656
1342	-0.518434	0.000253013	11656
1343	-0.518476	0.000252926	11656
1344	-0.518517	0.000252838	11656
1345	-0.518559	0.00025275	11656
1346	-0.5186	0.000252661	11656
1347	-0.518642	0.000252571	11656
1348	-0.518683	0.00025248	11656
1349	-0.518725	0.000252389	11656
1350	-0.518766	0.000252297	11656
1351	-0.518808	0.000252204	11656
1352	-0.518849	0.000252111	11656
1353	-0.518891	0.000252017	11656
1354	-0.518932	0.000251922	11656
1355	-0.518973	0.000251827	11656
1356	-0.519014	0.000251731	11656
1357	-0.519056	0.000251634	11656
1358	-0.519097	0.000251537	11656
1359	-0.519138	0.000251439	11656
1360	-0.519179	0.00025134	11656
1361	-0.519221	0.000251241	11656
1362	-0.519262	0.000251141	11656
1363	-0.519303	0.00025104	11656
1364	-0.519344	0.000250938	11656
1365	-0.519385	0.000250837	11656
1366	-0.519425	0.000250734	11656
1367	-0.519466	0.000250631	11656
1368	-0.519507	0.00025054	11408
1369	-0.519548	0.000250457	11408
1370	-0.519589	0.000250374	11408
1371	-0.519629	0.000250289	11408
1372	-0.51967	0.000250204	11408
1373	-0.51971	0.000250119	11408
1374	-0.519751	0.000250032	11408
1375	-0.519792	0.000249945	11408
1376	-0.519832	0.000249858	11408
1377	-0.519873	0.000249769	11408
1378	-0.519913	0.00024968	11408
1379	-0.519954	0.00024959	11408
1380	-0.519994	0.0002495	11408
1381	-0.520035	0.000249409	11408
1382	-0.520075	0.000249317	11408
1383	-0.520116	0.000249225	11408
1384	-0.520156	0.000249132	11408
1385	-0.520196	0.000249038	11408
1386	-0.520237	0.000248944	11408
1387	-0.520277	0.000248849	11408
1388	-0.520317	0.000248753	11408
1389	-0.520357	0.000248657	11408
1390	-0.520397	0.00024856	11408
1391	-0.520437	0.000248463	11408
1392	-0.520478	0.000248365	11408
1393	-0.520518	0.000248266	11408
1394	-0.520557	0.000248167	11408
1395	-0.520597	0.000248067	11408
1396	-0.520637	0.000247966	11408
1397	-0.520677	0.000247865	11408
1398	-0.520717	0.000247779	11160
1399	-0.520757	0.000247698	11160
1400	-0.520796	0.000247615	11160
1401	-0.520836	0.000247532	11160
1402	-0.520876	0.000247449	11160
1403	-0.520915	0.000247364	11160
1404	-0.520955	0.000247279	11160
1405	-0.520995	0.000247194	11160
1406	-0.521034	0.000247108	11160
1407	-0.521074	0.000247021	11160
1408	-0.521113	0.000246933	11160
1409	-0.521153	0.000246845	11160
1410	-0.521192	0.000246756	11160
1411	-0.521232	0.000246667	11160
1412	-0.521271	0.000246577	11160
1413	-0.521311	0.000246486	11160
1414	-0.52135	0.000246395	11160
1415	-0.521389	0.000246303	11160
1416	-0.521428	0.00024621	11160
1417	-0.521468	0.000246117	11160
1418	-0.521507	0.000246024	11160
1419	-0.521546	0.000245929	11160
1420	-0.521585	0.000245834	11160
1421	-0.521624	0.000245739	11160
1422	-0.521663	0.000245643	11160
1423	-0.521702	0.000245546	11160
1424	-0.521741	0.000245448	11160
1425	-0.52178	0.00024535	11160
1426	-0.521818	0.000245256	10912
1427	-0.521857	0.000245177	10912
1428	-0.521896	0.000245097	10912
1429	-0.521935	0.000245016	10912
1430	-0.521974	0.000244935	10912
1431	-0.522012	0.000244854	10912
1432	-0.522051	0.000244771	10912
1433	-0.52209	0.000244688	10912
1434	-0.522128	0.000244605	10912
1435	-0.522167	0.00024452	10912
1436	-0.522205	0.000244436	10912
1437	-0.522244	0.00024435	10912
1438	-0.522282	0.000244264	10912
1439	-0.522321	0.000244178	10912
1440	-0.522359	0.00024409	10912
1441	-0.522397	0.000244003	10912
1442	-0.522436	0.000243914	10912
1443	-0.522474	0.000243825	10912
1444	-0.522512	0.000243735	10912
1445	-0.52255	0.000243645	10912
1446	-0.522589	0.000243554	10912
1447	-0.522627	0.000243463	10912
1448	-0.522665	0.000243371	10912
1449	-0.522703	0.000243278	10912
1450	-0.522741	0.000243185	10912
1451	-0.522778	0.000243091	10912
1452	-0.522816	0.000242997	10912
1453	-0.522854	0.000242902	10912
1454	-0.522892	0.000242807	10912
1455	-0.52293	0.000242716	10664
1456	-0.522968	0.000242638	10664
1457	-0.523005	0.00024256	10664
1458	-0.523043	0.000242482	10664
1459	-0.523081	0.000242402	10664
1460	-0.523118	0.000242323	10664
1461	-0.523156	0.000242242	10664
1462	-0.523193	0.000242161	10664
1463	-0.523231	0.00024208	10664
1464	-0.523268	0.000241998	10664
1465	-0.523306	0.000241915	10664
1466	-0.523343	0.000241831	10664
1467	-0.52338	0.000241747	10664
1468	-0.523418	0.000241663	10664
1469	-0.523455	0.000241578	10664
1470	-0.523492	0.000241492	10664
1471	-0.523529	0.000241406	10664
1472	-0.523566	0.000241319	10664
1473	-0.523603	0.000241231	10664
1474	-0.52364	0.000241143	10664
1475	-0.523677	0.000241055	10664
1476	-0.523714	0.000240966	10664
1477	-0.523751	0.000240876	10664
1478	-0.523788	0.000240786	10664
1479	-0.523825	0.000240695	10664
1480	-0.523862	0.000240604	10664
1481	-0.523898	0.000240512	10664
1482	-0.523935	0.000240419	10664
1483	-0.523972	0.000240326	10664
1484	-0.524008	0.000240233	10416
1485	-0.524045	0.000240157	10416
1486	-0.524081	0.000240081	10416
1487	-0.524118	0.000240004	10416
1488	-0.524154	0.000239927	10416
1489	-0.524191	0.000239849	10416
1490	-0.524227	0.00023977	10416
1491	-0.524263	0.000239691	10416
1492	-0.5243	0.000239611	10416
1493	-0.524336	0.000239531	10416
1494	-0.524372	0.00023945	10416
1495	-0.524408	0.000239369	10416
1496	-0.524444	0.000239287	10416
1497	-0.52448	0.000239204	10416
1498	-0.524516	0.000239121	10416
1499	-0.524552	0.000239037	10416
1500	-0.524588	0.000238953	10416
1501	-0.524623	0.000238868	10416
1502	-0.524659	0.000238783	10416
1503	-0.524695	0.000238697	10416
1504	-0.52473	0.000238611	10416
1505	-0.524766	0.000238524	10416
1506	-0.524802	0.000238436	10416
1507	-0.524837	0.000238348	10416
1508	-0.524873	0.00023826	10416
1509	-0.524908	0.000238171	10416
1510	-0.524944	0.000238081	10416
1511	-0.524979	0.000237991	10416
1512	-0.525015	0.0002379	10416
1513	-0.52505	0.000237811	10168
1514	-0.525085	0.000237737	10168
1515	-0.52512	0.000237663	10168
1516	-0.525155	0.000237588	10168
1517	-0.52519	0.000237512	10168
1518	-0.525225	0.000237436	10168
1519	-0.52526	0.000237359	10168
1520	-0.525295	0.000237282	10168
1521	-0.52533	0.000237204	10168
1522	-0.525365	0.000237125	10168
1523	-0.525399	0.000237046	10168
1524	-0.525434	0.000236967	10168
1525	-0.525469	0.000236887	10168
1526	-0.525503	0.000236806	10168
1527	-0.525538	0.000236725	10168
1528	-0.525572	0.000236643	10168
1529	-0.525606	0.000236561	10168
1530	-0.525641	0.000236478	10168
1531	-0.525675	0.000236395	10168
1532	-0.525709	0.000236311	10168
1533	-0.525744	0.000236227	10168
1534	-0.525778	0.000236142	10168
1535	-0.525812	0.000236056	10168
1536	-0.525846	0.00023597	10168
1537	-0.52588	0.000235884	10168
1538	-0.525914	0.000235797	10168
1539	-0.525948	0.00023571	10168
1540	-0.525982	0.000235622	10168
1541	-0.526015	0.000235533	10168
1542	-0.526049	0.000235444	10168
1543	-0.526083	0.00023537	9920
1544	-0.526116	0.000235298	9920
1545	-0.52615	0.000235224	9920
1546	-0.526184	0.00023515	9920
1547	-0.526217	0.000235076	9920
1548	-0.52625	0.000235001	9920
1549	-0.526284	0.000234926	9920
1550	-0.526317	0.00023485	9920
1551	-0.52635	0.000234773	9920
1552	-0.526383	0.000234696	9920
1553	-0.526416	0.000234618	9920
1554	-0.526449	0.00023454	9920
1555	-0.526482	0.000234462	9920
1556	-0.526515	0.000234382	9920
1557	-0.526547	0.000234303	9920
1558	-0.52658	0.000234223	9920
1559	-0.526613	0.000234142	9920
1560	-0.526646	0.000234061	9920
1561	-0.526678	0.000233979	9920
1562	-0.526711	0.000233897	9920
1563	-0.526743	0.000233814	9920
1564	-0.526776	0.000233731	9920
1565	-0.526808	0.000233647	9920
1566	-0.52684	0.000233563	9920
1567	-0.526872	0.000233478	9920
1568	-0.526904	0.000233393	9920
1569	-0.526936	0.000233307	9920
1570	-0.526968	0.000233221	9920
1571	-0.527	0.000233139	9672
1572	-0.527032	0.000233069	9672
1573	-0.527064	0.000232998	9672
1574	-0.527096	0.000232926	9672
1575	-0.527127	0.000232854	9672
1576	-0.527159	0.000232781	9672
1577	-0.52719	0.000232708	9672
1578	-0.527222	0.000232635	9672
1579	-0.527253	0.00023256	9672
1580	-0.527284	0.000232486	9672
1581	-0.527316	0.000232411	9672
1582	-0.527347	0.000232335	9672
1583	-0.527378	0.000232259	9672
1584	-0.527409	0.000232182	9672
1585	-0.52744	0.000232105	9672
1586	-0.527471	0.000232027	9672
1587	-0.527502	0.000231949	9672
1588	-0.527533	0.00023187	9672
1589	-0.527563	0.000231791	9672
1590	-0.527594	0.000231711	9672
1591	-0.527624	0.000231631	9672
1592	-0.527655	0.000231551	9672
1593	-0.527685	0.00023147	9672
1594	-0.527715	0.000231388	9672
1595	-0.527746	0.000231306	9672
1596	-0.527776	0.000231223	9672
1597	-0.527806	0.00023114	9672
1598	-0.527836	0.000231057	9672
1599	-0.527866	0.000230985	9424
1600	-0.527896	0.000230917	9424
1601	-0.527925	0.000230848	9424
1602	-0.527955	0.000230778	9424
1603	-0.527985	0.000230709	9424
1604	-0.528014	0.000230638	9424
1605	-0.528044	0.000230568	9424
1606	-0.528073	0.000230496	9424
1607	-0.528102	0.000230424	9424
1608	-0.528131	0.000230352	9424
1609	-0.528161	0.000230279	9424
1610	-0.52819	0.000230206	9424
1611	-0.528219	0.000230132	9424
1612	-0.528248	0.000230058	9424
1613	-0.528277	0.000229983	9424
1614	-0.528305	0.000229908	9424
1615	-0.528334	0.000229832	9424
1616	-0.528363	0.000229756	9424
1617	-0.528391	0.00022968	9424
1618	-0.528419	0.000229603	9424
1619	-0.528448	0.000229525	9424
1620	-0.528476	0.000229447	9424
1621	-0.528504	0.000229368	9424
1622	-0.528532	0.000229289	9424
1623	-0.52856	0.00022921	9424
1624	-0.528588	0.00022913	9424
1625	-0.528616	0.00022905	9424
1626	-0.528644	0.000228969	9424
1627	-0.528671	0.000228888	9176
1628	-0.528699	0.000228822	9176
1629	-0.528726	0.000228755	9176
1630	-0.528754	0.000228688	9176
1631	-0.528781	0.000228621	9176
1632	-0.528808	0.000228553	9176
1633	-0.528835	0.000228484	9176
1634	-0.528862	0.000228415	9176
1635	-0.528889	0.000228346	9176
1636	-0.528916	0.000228276	9176
1637	-0.528943	0.000228206	9176
1638	-0.528969	0.000228135	9176
1639	-0.528996	0.000228064	9176
1640	-0.529022	0.000227992	9176
1641	-0.529049	0.00022792	9176
1642	-0.529075	0.000227847	9176
1643	-0.529101	0.000227774	9176
1644	-0.529127	0.0002277	9176
1645	-0.529153	0.000227626	9176
1646	-0.529179	0.000227552	9176
1647	-0.529205	0.000227477	9176
1648	-0.529231	0.000227402	9176
1649	-0.529256	0.000227326	9176
1650	-0.529282	0.000227249	9176
1651	-0.529307	0.000227173	9176
1652	-0.529333	0.000227095	9176
1653	-0.529358	0.000227018	9176
1654	-0.529383	0.00022694	9176
1655	-0.529408	0.000226864	8928
1656	-0.529433	0.0002268	8928
1657	-0.529457	0.000226736	8928
1658	-0.529482	0.000226672	8928
1659	-0.529507	0.000226607	8928
1660	-0.529531	0.000226541	8928
1661	-0.529556	0.000226475	8928
1662	-0.52958	0.000226409	8928
1663	-0.529604	0.000226342	8928
1664	-0.529628	0.000226275	8928
1665	-0.529653	0.000226207	8928
1666	-0.529676	0.000226139	8928
1667	-0.5297	0.00022607	8928
1668	-0.529724	0.000226001	8928
1669	-0.529747	0.000225932	8928
1670	-0.529771	0.000225862	8928
1671	-0.529794	0.000225791	8928
1672	-0.529817	0.00022572	8928
1673	-0.52984	0.000225649	8928
1674	-0.529863	0.000225577	8928
1675	-0.529886	0.000225505	8928
1676	-0.529909	0.000225432	8928
1677	-0.529932	0.000225359	8928
1678	-0.529955	0.000225286	8928
1679	-0.529977	0.000225221	8680
1680	-0.529999	0.000225162	8680
1681	-0.530022	0.000225102	8680
1682	-0.530044	0.000225041	8680
1683	-0.530066	0.00022498	8680
1684	-0.530088	0.000224918	8680
1685	-0.530109	0.000224857	8680
1686	-0.530131	0.000224794	8680
1687	-0.530153	0.000224731	8680
1688	-0.530174	0.000224668	8680
1689	-0.530196	0.000224604	8680
1690	-0.530217	0.00022454	8680
1691	-0.530238	0.000224476	8680
1692	-0.530259	0.000224411	8680
1693	-0.53028	0.000224345	8680
1694	-0.530301	0.000224279	8680
1695	-0.530321	0.000224213	8680
1696	-0.530342	0.000224146	8680
1697	-0.530362	0.000224079	8680
1698	-0.530382	0.000224011	8680
1699	-0.530402	0.000223943	8680
1700	-0.530422	0.000223875	8680
1701	-0.530442	0.000223806	8680
1702	-0.530462	0.000223736	8680
1703	-0.530482	0.000223667	8680
1704	-0.530501	0.000223597	8680
1705	-0.530521	0.000223526	8680
1706	-0.53054	0.000223455	8680
1707	-0.530559	0.000223384	8680
1708	-0.530578	0.000223312	8680
1709	-0.530597	0.00022324	8680
1710	-0.530616	0.000223167	8680
1711	-0.530634	0.000223094	8680
1712	-0.530653	0.00022302	8680
1713	-0.530672	0.000222947	8680
1714	-0.53069	0.000222872	8680
1715	-0.530708	0.000222812	8432
1716	-0.530726	0.000222751	8432
1717	-0.530744	0.000222691	8432
1718	-0.530762	0.000222629	8432
1719	-0.530779	0.000222567	8432
1720	-0.530797	0.000222505	8432
1721	-0.530814	0.000222443	8432
1722	-0.530831	0.00022238	8432
1723	-0.530848	0.000222316	8432
1724	-0.530865	0.000222252	8432
1725	-0.530882	0.000222188	8432
1726	-0.530899	0.000222123	8432
1727	-0.530915	0.000222058	8432
1728	-0.530932	0.000221993	8432
1729	-0.530948	0.000221927	8432
1730	-0.530964	0.000221861	8432
1731	-0.53098	0.000221794	8432
1732	-0.530996	0.000221727	8432
1733	-0.531011	0.00022166	8432
1734	-0.531027	0.000221592	8432
1735	-0.531042	0.000221536	8184
1736	-0.531058	0.000221481	8184
1737	-0.531073	0.000221426	8184
1738	-0.531088	0.000221371	8184
1739	-0.531103	0.000221315	8184
1740	-0.531118	0.000221259	8184
1741	-0.531132	0.000221202	8184
1742	-0.531147	0.000221145	8184
1743	-0.531161	0.000221087	8184
1744	-0.531175	0.000221029	8184
1745	-0.531189	0.000220971	8184
1746	-0.531203	0.000220912	8184
1747	-0.531217	0.000220853	8184
1748	-0.53123	0.000220793	8184
1749	-0.531244	0.000220734	8184
1750	-0.531257	0.000220673	8184
1751	-0.53127	0.000220612	8184
1752	-0.531283	0.000220551	8184
1753	-0.531296	0.00022049	8184
1754	-0.531308	0.000220428	8184
1755	-0.531321	0.000220366	8184
1756	-0.531333	0.000220303	8184
1757	-0.531345	0.00022024	8184
1758	-0.531357	0.000220177	8184
1759	-0.531369	0.000220113	8184
1760	-0.531381	0.000220049	8184
1761	-0.531393	0.000219984	8184
1762	-0.531404	0.000219919	8184
1763	-0.531415	0.000219854	8184
1764	-0.531427	0.000219788	8184
1765	-0.531438	0.000219722	8184
1766	-0.531449	0.000219656	8184
1767	-0.531459	0.000219589	8184
1768	-0.53147	0.000219522	8184
1769	-0.53148	0.000219454	8184
1770	-0.53149	0.000219393	7936
1771	-0.5315	0.00021934	7936
1772	-0.53151	0.000219285	7936
1773	-0.53152	0.000219231	7936
1774	-0.531529	0.000219176	7936
1775	-0.531539	0.00021912	7936
1776	-0.531548	0.000219064	7936
1777	-0.531557	0.000219008	7936
1778	-0.531566	0.000218952	7936
1779	-0.531575	0.000218895	7936
1780	-0.531583	0.000218838	7936
1781	-0.531592	0.00021878	7936
1782	-0.5316	0.000218722	7936
1783	-0.531608	0.000218664	7936
1784	-0.531616	0.000218608	7688
1785	-0.531623	0.000218563	7688
1786	-0.531631	0.000218517	7688
1787	-0.531639	0.000218472	7688
1788	-0.531646	0.000218425	7688
1789	-0.531653	0.000218379	7688
1790	-0.53166	0.000218332	7688
1791	-0.531667	0.000218285	7688
1792	-0.531673	0.000218237	7688
1793	-0.53168	0.000218189	7688
1794	-0.531686	0.00021814	7688
1795	-0.531692	0.000218092	7688
1796	-0.531698	0.000218043	7688
1797	-0.531704	0.000217993	7688
1798	-0.531709	0.000217943	7688
1799	-0.531715	0.000217893	7688
1800	-0.53172	0.000217842	7688
1801	-0.531725	0.000217791	7688
1802	-0.53173	0.00021774	7688
1803	-0.531734	0.000217688	7688
1804	-0.531739	0.000217636	7688
1805	-0.531743	0.000217584	7688
1806	-0.531747	0.000217531	7688
1807	-0.531751	0.000217478	7688
1808	-0.531755	0.000217425	7688
1809	-0.531759	0.000217371	7688
1810	-0.531762	0.000217323	7440
1811	-0.531765	0.000217282	7440
1812	-0.531768	0.000217242	7440
1813	-0.531771	0.000217201	7440
1814	-0.531774	0.000217159	7440
1815	-0.531777	0.000217117	7440
1816	-0.531779	0.000217075	7440
1817	-0.531781	0.000217033	7440
1818	-0.531783	0.00021699	7440
1819	-0.531785	0.000216947	7440
1820	-0.531787	0.000216903	7440
1821	-0.531788	0.000216859	7440
1822	-0.53179	0.000216815	7440
1823	-0.531791	0.00021677	7440
1824	-0.531792	0.000216725	7440
1825	-0.531792	0.00021668	7440
1826	-0.531793	0.000216635	7440
1827	-0.531793	0.000216589	7440
1828	-0.531793	0.000216548	7192
1829	-0.531793	0.000216515	7192
1830	-0.531793	0.000216482	7192
1831	-0.531793	0.000216448	7192
1832	-0.531792	0.000216414	7192
1833	-0.531791	0.00021638	7192
1834	-0.53179	0.000216345	7192
1835	-0.531789	0.00021631	7192
1836	-0.531788	0.000216275	7192
1837	-0.531786	0.000216239	7192
1838	-0.531785	0.000216203	7192
1839	-0.531783	0.000216166	7192
1840	-0.531781	0.00021613	7192
1841	-0.531778	0.000216093	7192
1842	-0.531776	0.000216055	7192
1843	-0.531773	0.000216018	7192
1844	-0.531771	0.00021598	7192
1845	-0.531767	0.000215942	7192
1846	-0.531764	0.000215903	7192
1847	-0.531761	0.000215864	7192
1848	-0.531757	0.000215825	7192
1849	-0.531753	0.000215785	7192
1850	-0.531749	0.000215745	7192
1851	-0.531745	0.000215705	7192
1852	-0.53174	0.000215665	7192
1853	-0.531736	0.000215624	7192
1854	-0.531731	0.000215583	7192
1855	-0.531726	0.000215541	7192
1856	-0.531721	0.0002155	7192
1857	-0.531715	0.000215458	7192
1858	-0.53171	0.000215415	7192
1859	-0.531704	0.000215373	7192
1860	-0.531698	0.00021533	7192
1861	-0.531692	0.000215287	7192
1862	-0.531685	0.000215243	7192
1863	-0.531679	0.0002152	7192
1864	-0.531672	0.00021517	6944
1865	-0.531665	0.00021514	6944
1866	-0.531658	0.00021511	6944
1867	-0.53165	0.00021508	6944
1868	-0.531643	0.000215049	6944
1869	-0.531635	0.000215018	6944
1870	-0.531627	0.000214997	6448
1871	-0.531619	0.000214995	6448
1872	-0.53161	0.000214992	6448
1873	-0.531602	0.000214989	6448
1874	-0.531593	0.000214986	6448
1875	-0.531584	0.000214983	6448
1876	-0.531575	0.000214979	6448
1877	-0.531565	0.000214975	6448
1878	-0.531556	0.000214971	6448
1879	-0.531546	0.000214966	6448
1880	-0.531536	0.000214961	6448
1881	-0.531525	0.000214956	6448
1882	-0.531515	0.00021495	6448
1883	-0.531504	0.000214944	6448
1884	-0.531493	0.000214938	6448
1885	-0.531482	0.000214932	6448
1886	-0.531471	0.000214925	6448
1887	-0.531459	0.000214918	6448
1888	-0.531448	0.00021491	6448
1889	-0.531436	0.000214903	6448
1890	-0.531424	0.000214895	6448
1891	-0.531411	0.000214887	6448
1892	-0.531399	0.000214878	6448
1893	-0.531386	0.00021487	6448
1894	-0.531373	0.000214861	6448
1895	-0.53136	0.000214851	6448
1896	-0.531347	0.000214842	6448
1897	-0.531333	0.000214832	6448
1898	-0.531319	0.000214822	6448
1899	-0.531305	0.000214812	6448
1900	-0.531291	0.000214801	6448
1901	-0.531277	0.00021479	6448
1902	-0.531262	0.000214779	6448
1903	-0.531247	0.000214768	6448
1904	-0.531232	0.000214756	6448
1905	-0.531217	0.000214744	6448
1906	-0.531201	0.000214732	6448
1907	-0.531185	0.00021472	6448
1908	-0.53117	0.000214707	6448
1909	-0.531153	0.000214694	6448
1910	-0.531137	0.000214681	6448
1911	-0.53112	0.000214668	6448
1912	-0.531104	0.000214654	6448
1913	-0.531087	0.00021464	6448
1914	-0.531069	0.000214626	6448
1915	-0.531052	0.000214612	6448
1916	-0.531034	0.000214598	6448
1917	-0.531017	0.000214583	6448
1918	-0.530999	0.000214568	6448
1919	-0.53098	0.000214557	5952
1920	-0.530962	0.000214575	5952
1921	-0.530943	0.000214592	5952
1922	-0.530924	0.000214609	5952
1923	-0.530905	0.000214626	5952
1924	-0.530886	0.000214643	5952
1925	-0.530866	0.000214659	5952
1926	-0.530846	0.000214676	5952
1927	-0.530826	0.000214692	5952
1928	-0.530806	0.000214708	5952
1929	-0.530785	0.000214723	5952
1930	-0.530765	0.000214742	5704
1931	-0.530744	0.000214774	5704
1932	-0.530723	0.000214806	5704
1933	-0.530701	0.000214837	5704
1934	-0.53068	0.000214869	5704
1935	-0.530658	0.0002149	5704
1936	-0.530636	0.000214931	5704
1937	-0.530614	0.000214962	5704
1938	-0.530591	0.000214993	5704
1939	-0.530569	0.000215023	5704
1940	-0.530546	0.000215053	5456
1941	-0.530523	0.000215102	5456
1942	-0.5305	0.000215151	5456
1943	-0.530476	0.000215199	5456
1944	-0.530453	0.000215247	5456
1945	-0.530429	0.000215295	5456
1946	-0.530404	0.000215343	5456
1947	-0.53038	0.00021539	5456
1948	-0.530356	0.000215438	5456
1949	-0.530331	0.0002155	5208
1950	-0.530306	0.000215566	5208
1951	-0.53028	0.000215632	5208
1952	-0.530255	0.00021573	4464
1953	-0.530229	0.000215861	4464
1954	-0.530203	0.000215992	4464
1955	-0.530177	0.000216122	4464
1956	-0.530151	0.000216253	4464
1957	-0.530125	0.000216383	4464
1958	-0.530098	0.000216513	4464
1959	-0.530071	0.000216643	4464
1960	-0.530044	0.000217068	744
1961	-0.530017	0.000217578	744
1962	-0.52999	0.000218089	744
1963	-0.529963	0.000218599	744
1964	-0.529935	0.000219109	744
1965	-0.529908	0.000219619	744
1966	-0.529881	0.000220129	744
1967	-0.529855	0.000220638	744
1968	-0.529831	0.000221148	744
1969	-0.529815	0.000221659	744
1970	-0.529849	0.000222171	744
1971	nan	0.000222689	744
1972	nan	0.000218314	4464
1973	nan	0.000218441	4464
1974	nan	0.000218569	4464
1975	nan	0.000218825	3224
1976	nan	0.000218823	4464
1977	nan	0.000218949	4464
1978	nan	0.000218181	4712
1979	nan	0.000217408	5208
1980	nan	0.000216122	5704
1981	nan	0.000214142	6200
1982	nan	0.000211699	6696
1983	nan	0.000208366	7192
1984	nan	0.000204208	7688
1985	nan	0.000199346	8184
1986	nan	0.000193986	8680
1987	nan	0.000188319	9176
1988	nan	0.000184356	9670
1989	nan	0.000178657	10166
1990	nan	0.000170666	10664
1991	nan	0.000164	11160
1992	nan	0.000156135	11656
1993	nan	0.000146407	12152
1994	nan	0.000134115	12648
1995	nan	0.000118508	13144
1996	nan	0.000103834	13635
1997	nan	9.63356e-05	14130
1998	nan	8.76313e-05	14626
1999	nan	8.13703e-05	15121
2000	nan	7.41043e-05	15617
2001	nan	6.88388e-05	16112
2002	nan	6.27718e-05	16608
2003	nan	5.84022e-05	17103
2004	nan	5.32182e-05	17599
2005	nan	4.9716e-05	18094
2006	nan	4.51981e-05	18589
2007	nan	4.2419e-05	19085
2008	nan	3.91398e-05	19580
2009	nan	3.60983e-05	20076
2010	nan	3.38857e-05	20571
2011	nan	3.15567e-05	21066
2012	nan	2.92613e-05	21561
2013	nan	2.70408e-05	22057
2014	nan	2.51385e-05	22552
2015	nan	2.285e-05	23047
2016	nan	1.98211e-05	23542
2017	nan	1.57036e-05	24038
2018	nan	1.25847e-05	24538
2019	nan	7.14558e-10	24404
2020	nan	5.00438e-10	24407
2021	nan	4.79747e-10	24411
2022	nan	4.63241e-10	24413
2023	nan	3.39814e-10	24416
2024	nan	2.05252e-10	24419
