1	0	0.0119669	141
2	-0.00230749	0.011909	141
3	-0.0046783	0.0118507	141
4	-0.00711242	0.0117917	141
5	-0.00960977	0.0117322	141
6	-0.0121701	0.0116721	141
7	-0.0147932	0.0116112	141
8	-0.0174785	0.0115497	141
9	-0.0202256	0.0114874	141
10	-0.0230338	0.0114244	141
11	-0.0259024	0.0113606	141
12	-0.0288304	0.0112959	141
13	-0.0318169	0.0112304	141
14	-0.0348607	0.0111691	142
15	-0.0379606	0.0111131	142
16	-0.0411153	0.0110563	142
17	-0.0443233	0.0109984	142
18	-0.0475829	0.0109397	142
19	-0.0508925	0.0108799	142
20	-0.0542503	0.0108191	142
21	-0.0576541	0.0107573	142
22	-0.0611019	0.0106945	142
23	-0.0645914	0.0106305	142
24	-0.0681201	0.0105655	142
25	-0.0716855	0.0104993	142
26	-0.0752848	0.0104323	146
27	-0.0789151	0.0103732	146
28	-0.0825733	0.0103131	146
29	-0.0862562	0.010252	146
30	-0.0899602	0.01019	146
31	-0.0936818	0.0101269	146
32	-0.0974172	0.0100628	146
33	-0.101162	0.00999767	146
34	-0.104913	0.00993147	146
35	-0.108665	0.00986421	146
36	-0.112413	0.00979586	146
37	-0.116153	0.00972641	146
38	-0.11988	0.00965584	146
39	-0.123588	0.00958415	146
40	-0.127272	0.00951131	146
41	-0.130927	0.0094373	146
42	-0.134546	0.00936212	146
43	-0.138125	0.00928575	146
44	-0.141655	0.00920818	146
45	-0.145132	0.00912938	146
46	-0.148549	0.0090524	147
47	-0.151898	0.00898115	147
48	-0.155175	0.00890877	147
49	-0.15837	0.00883524	147
50	-0.161479	0.00876054	147
51	-0.164495	0.00868465	147
52	-0.16741	0.00860755	147
53	-0.170218	0.00852922	147
54	-0.172914	0.00844963	147
55	-0.17549	0.00836877	147
56	-0.177941	0.00828661	147
57	-0.180261	0.00820313	147
58	-0.182443	0.00811832	147
59	-0.184483	0.00803215	147
60	-0.186376	0.00794459	147
61	-0.188117	0.00785564	147
62	-0.1897	0.00776526	147
63	-0.191127	0.00767344	147
64	-0.192385	0.00758015	147
65	-0.193481	0.00748537	147
66	-0.194413	0.00738909	147
67	-0.195166	0.00729128	147
68	-0.195752	0.00719193	147
69	-0.196173	0.00709124	152
70	-0.196417	0.00698993	152
71	-0.196489	0.00688704	152
72	-0.196393	0.00678255	152
73	-0.196137	0.00667643	152
74	-0.195717	0.00656868	152
75	-0.195132	0.00645928	152
76	-0.19438	0.0063482	152
77	-0.193471	0.00623543	152
78	-0.192428	0.00612097	152
79	-0.191247	0.00600478	152
80	-0.18993	0.00588687	152
81	-0.188473	0.00590761	436
82	-0.18689	0.00599681	436
83	-0.185184	0.00608498	436
84	-0.183359	0.00617204	436
85	-0.18145	0.00625791	436
86	-0.179446	0.00634251	436
87	-0.177361	0.00642578	436
88	-0.175194	0.00650762	436
89	-0.17296	0.00658796	436
90	-0.170657	0.00666672	436
91	-0.168297	0.00674382	436
92	-0.165877	0.00681918	436
93	-0.163408	0.00689271	436
94	-0.160899	0.00696434	436
95	-0.158354	0.00703398	436
96	-0.155786	0.00710154	436
97	-0.153201	0.00716695	436
98	-0.150603	0.00723012	436
99	-0.148002	0.00729096	436
100	-0.145406	0.0073494	436
101	-0.142818	0.00740535	436
102	-0.140241	0.00745872	436
103	-0.137684	0.00750943	436
104	-0.135154	0.00755741	436
105	-0.132652	0.00760647	440
106	-0.130182	0.00767637	440
107	-0.127744	0.00774428	440
108	-0.125348	0.00781013	440
109	-0.123001	0.00787384	440
110	-0.120702	0.00793533	440
111	-0.11845	0.00799451	440
112	-0.116246	0.00805131	440
113	-0.11409	0.00810565	440
114	-0.111995	0.00815746	440
115	-0.109966	0.00820665	440
116	-0.107999	0.00825315	440
117	-0.106089	0.00829687	440
118	-0.10424	0.00833775	440
119	-0.102449	0.00837571	440
120	-0.100718	0.00841067	440
121	-0.0990528	0.00844255	440
122	-0.09746	0.00847129	440
123	-0.0959339	0.00849682	440
124	-0.0944849	0.00851905	440
125	-0.0930997	0.00853793	440
126	-0.0917804	0.00855339	440
127	-0.0905231	0.00856536	440
128	-0.0893269	0.00857377	440
129	-0.0881937	0.00857857	440
130	-0.0871259	0.0085797	440
131	-0.0861208	0.0085771	440
132	-0.0851773	0.00857072	440
133	-0.0843086	0.0085476	440
134	-0.0835117	0.00851437	440
135	-0.0827954	0.00847778	440
136	-0.0821399	0.00843781	440
137	-0.0815507	0.00846281	445
138	-0.0810221	0.00848774	445
139	-0.0805554	0.00850992	445
140	-0.0801426	0.00852928	445
141	-0.0797827	0.00854578	445
142	-0.0794749	0.00855935	445
143	-0.0792198	0.00856994	445
144	-0.0790212	0.00857751	445
145	-0.078879	0.00858199	445
146	-0.0787922	0.00858334	445
147	-0.0787629	0.00858152	445
148	-0.0787974	0.00857642	445
149	-0.0788918	0.0085573	445
150	-0.0790596	0.00852881	445
151	-0.0792771	0.00849742	445
152	-0.0795372	0.0084631	445
153	-0.0798424	0.00842584	445
154	-0.0802007	0.0083856	445
155	-0.0806009	0.00834229	445
156	-0.0810378	0.00829795	450
157	-0.0815113	0.00825133	450
158	-0.0820207	0.00820168	450
159	-0.0825635	0.00814897	450
160	-0.0831403	0.00809323	450
161	-0.0837601	0.00803444	450
162	-0.0844112	0.00797263	450
163	-0.0850893	0.00790779	450
164	-0.0857929	0.00783993	450
165	-0.0865203	0.00776906	450
166	-0.087272	0.00769519	450
167	-0.088046	0.00761833	450
168	-0.0888414	0.0075385	450
169	-0.0896553	0.00745572	450
170	-0.0904868	0.00736999	450
171	-0.091334	0.00728134	450
172	-0.0921938	0.0071898	450
173	-0.0930665	0.00709539	450
174	-0.0939485	0.00699814	450
175	-0.0948399	0.00689808	450
176	-0.0957382	0.00679523	450
177	-0.0966435	0.00668964	450
178	-0.0975527	0.00658134	450
179	-0.0984662	0.00647037	450
180	-0.0993831	0.00635677	450
181	-0.100298	0.00632402	742
182	-0.101213	0.00633288	742
183	-0.102125	0.00633977	742
184	-0.103032	0.00634694	743
185	-0.103933	0.00635536	743
186	-0.104825	0.0063618	743
187	-0.105708	0.00636625	743
188	-0.10658	0.00636865	743
189	-0.107439	0.00636898	743
190	-0.108285	0.0063672	743
191	-0.109116	0.00636328	743
192	-0.109932	0.00635717	743
193	-0.110731	0.00634887	743
194	-0.111513	0.00633832	743
195	-0.112276	0.0063255	743
196	-0.113018	0.00631038	743
197	-0.113743	0.00629294	743
198	-0.114447	0.00627314	743
199	-0.115128	0.00625097	743
200	-0.115792	0.0062264	743
201	-0.116429	0.00619941	743
202	-0.11704	0.00617036	748
203	-0.117625	0.00614124	748
204	-0.118184	0.00610969	748
205	-0.118719	0.0060757	748
206	-0.119226	0.00603925	748
207	-0.119705	0.00604396	1035
208	-0.120157	0.00605141	1035
209	-0.120579	0.0060562	1035
210	-0.120974	0.00605827	1035
211	-0.12134	0.00605758	1035
212	-0.12168	0.00605962	1036
213	-0.121991	0.00606063	1036
214	-0.122275	0.00605896	1036
215	-0.122532	0.00605456	1036
216	-0.122761	0.00604739	1036
217	-0.122966	0.00603743	1036
218	-0.123144	0.00602462	1036
219	-0.123301	0.00600895	1036
220	-0.123437	0.00599038	1036
221	-0.123552	0.00596889	1036
222	-0.123647	0.00594445	1036
223	-0.123722	0.00592188	1051
224	-0.123778	0.00591747	1040
225	-0.123812	0.00594172	1040
226	-0.123826	0.00596402	1040
227	-0.123819	0.00598432	1040
228	-0.123793	0.00600257	1040
229	-0.12375	0.00601871	1040
230	-0.123691	0.00603271	1040
231	-0.123617	0.00604452	1040
232	-0.123534	0.00605408	1040
233	-0.123437	0.00606135	1040
234	-0.123328	0.00606629	1040
235	-0.123208	0.00606886	1040
236	-0.123078	0.00606901	1040
237	-0.122937	0.0060667	1040
238	-0.122788	0.0060619	1040
239	-0.122631	0.00605457	1040
240	-0.12247	0.00604467	1040
241	-0.122305	0.00604005	1041
242	-0.122137	0.00603422	1041
243	-0.121969	0.00602591	1041
244	-0.121803	0.00601507	1041
245	-0.121641	0.00600169	1041
246	-0.121481	0.00598572	1041
247	-0.121325	0.00596716	1041
248	-0.121174	0.00594596	1041
249	-0.121029	0.00592318	1046
250	-0.12089	0.00590042	1046
251	-0.120759	0.00589298	1333
252	-0.120635	0.0058899	1333
253	-0.120518	0.00588377	1333
254	-0.120412	0.00587456	1333
255	-0.120315	0.00586226	1333
256	-0.120227	0.00584993	1334
257	-0.12015	0.00584454	1334
258	-0.120084	0.00583624	1334
259	-0.120031	0.00582499	1334
260	-0.11999	0.00581079	1334
261	-0.119966	0.0057936	1334
262	-0.11996	0.00577341	1334
263	-0.11997	0.00575431	1349
264	-0.119997	0.00573923	1349
265	-0.120045	0.00572125	1349
266	-0.120113	0.00570037	1349
267	-0.120199	0.00570866	1338
268	-0.120302	0.00573863	1338
269	-0.120427	0.00576666	1338
270	-0.120571	0.00579271	1338
271	-0.120734	0.00581671	1338
272	-0.120917	0.00583859	1338
273	-0.12112	0.0058583	1338
274	-0.121345	0.00587577	1338
275	-0.121588	0.00589095	1338
276	-0.121852	0.00590378	1338
277	-0.122136	0.00591421	1338
278	-0.12244	0.00592218	1338
279	-0.122764	0.00592758	1338
280	-0.123109	0.00593037	1338
281	-0.123473	0.00593051	1338
282	-0.123857	0.00592796	1338
283	-0.124262	0.0059227	1338
284	-0.12469	0.0059147	1338
285	-0.125136	0.00590391	1338
286	-0.125603	0.00589032	1338
287	-0.126087	0.00587761	1339
288	-0.126589	0.00587098	1339
289	-0.12711	0.00586167	1339
290	-0.127652	0.00584967	1339
291	-0.128214	0.00583494	1339
292	-0.128792	0.00581748	1339
293	-0.12939	0.00579884	1344
294	-0.130008	0.00578046	1344
295	-0.130645	0.00575936	1344
296	-0.131301	0.00573552	1344
297	-0.131975	0.00570894	1344
298	-0.132666	0.0056796	1344
299	-0.133371	0.00564751	1344
300	-0.134091	0.00562444	1343
301	-0.134824	0.00560537	1343
302	-0.13557	0.00558376	1343
303	-0.136329	0.00555961	1343
304	-0.1371	0.0055329	1343
305	-0.137884	0.00550364	1343
306	-0.138678	0.00547256	1342
307	-0.139484	0.00545275	1342
308	-0.1403	0.00543056	1342
309	-0.141127	0.00540598	1342
310	-0.141964	0.00542739	1635
311	-0.142811	0.00545057	1635
312	-0.143667	0.0054717	1635
313	-0.144533	0.00549182	1636
314	-0.145406	0.00551656	1636
315	-0.146288	0.00553926	1636
316	-0.147176	0.00555986	1636
317	-0.148071	0.00557829	1636
318	-0.148973	0.00559451	1636
319	-0.149883	0.00560847	1636
320	-0.150798	0.00562012	1636
321	-0.151719	0.00562941	1636
322	-0.152646	0.00563631	1636
323	-0.153578	0.00564076	1636
324	-0.154516	0.00564272	1636
325	-0.155459	0.00564217	1636
326	-0.156404	0.00563907	1636
327	-0.157353	0.00563339	1636
328	-0.158304	0.0056251	1636
329	-0.159258	0.00561418	1636
330	-0.160214	0.00560061	1636
331	-0.161172	0.00558437	1636
332	-0.162131	0.00557837	1637
333	-0.163091	0.00557134	1637
334	-0.164052	0.0055618	1637
335	-0.165013	0.00554971	1637
336	-0.165974	0.00553508	1637
337	-0.166935	0.00552019	1642
338	-0.167895	0.0055054	1642
339	-0.168854	0.00548807	1642
340	-0.169813	0.0054682	1642
341	-0.170769	0.00544579	1642
342	-0.171724	0.00543735	1641
343	-0.172677	0.00542783	1641
344	-0.173629	0.00541596	1641
345	-0.174577	0.00540172	1641
346	-0.175523	0.00538511	1641
347	-0.176466	0.00536611	1641
348	-0.177406	0.00534777	1640
349	-0.178343	0.00533644	1640
350	-0.179277	0.00532284	1640
351	-0.180207	0.00530698	1640
352	-0.181134	0.00528883	1640
353	-0.182058	0.00526841	1640
354	-0.182978	0.00524571	1640
355	-0.183894	0.00522073	1640
356	-0.184806	0.00519347	1640
357	-0.185713	0.00516981	1933
358	-0.186615	0.00518387	1933
359	-0.187513	0.00519589	1933
360	-0.188405	0.00520581	1933
361	-0.189293	0.00521362	1933
362	-0.190175	0.00521927	1933
363	-0.191052	0.00522372	1934
364	-0.191923	0.00523472	1934
365	-0.192789	0.00524361	1934
366	-0.193649	0.00525036	1934
367	-0.194504	0.00525493	1934
368	-0.195352	0.0052573	1934
369	-0.196195	0.00525745	1934
370	-0.197032	0.00525534	1934
371	-0.197864	0.00525096	1934
372	-0.198689	0.00524428	1934
373	-0.199509	0.0052353	1934
374	-0.200323	0.00522399	1934
375	-0.20113	0.00521036	1934
376	-0.201932	0.00520119	1935
377	-0.202728	0.00519787	1935
378	-0.203518	0.00519237	1935
379	-0.204302	0.00518466	1935
380	-0.20508	0.00517474	1935
381	-0.205851	0.00516261	1935
382	-0.206617	0.00515161	1940
383	-0.207376	0.00513996	1940
384	-0.20813	0.00512791	1939
385	-0.208877	0.00512802	1939
386	-0.209618	0.00512611	1939
387	-0.210354	0.00512214	1939
388	-0.211083	0.00511611	1939
389	-0.211807	0.005108	1939
390	-0.212524	0.0050978	1939
391	-0.213236	0.00509282	1938
392	-0.213943	0.00508872	1938
393	-0.214644	0.0050826	1938
394	-0.215339	0.00507447	1938
395	-0.216028	0.00506429	1938
396	-0.216713	0.00505207	1938
397	-0.217391	0.00503781	1938
398	-0.218065	0.00502149	1938
399	-0.218733	0.00500313	1938
400	-0.219396	0.00498272	1938
401	-0.220054	0.00496026	1938
402	-0.220708	0.00493578	1938
403	-0.221356	0.00490927	1938
404	-0.221999	0.00488075	1938
405	-0.222638	0.00485023	1938
406	-0.223272	0.00484099	2231
407	-0.223902	0.00484473	2231
408	-0.224528	0.00484658	2231
409	-0.225149	0.0048465	2231
410	-0.225766	0.00484449	2231
411	-0.226379	0.00484053	2231
412	-0.226988	0.00483971	2232
413	-0.227593	0.00484267	2232
414	-0.228194	0.00484374	2232
415	-0.228792	0.00484291	2232
416	-0.229386	0.00484017	2232
417	-0.229976	0.00483549	2232
418	-0.230564	0.00482889	2232
419	-0.231148	0.00482033	2232
420	-0.231728	0.00480982	2232
421	-0.232306	0.00480012	2233
422	-0.232881	0.00480021	2233
423	-0.233453	0.00479848	2233
424	-0.234023	0.00479491	2233
425	-0.234589	0.00478949	2233
426	-0.235154	0.00478221	2233
427	-0.235716	0.00477306	2233
428	-0.236276	0.00476762	2234
429	-0.236833	0.00476995	2234
430	-0.237389	0.00477319	2237
431	-0.237943	0.00477554	2237
432	-0.238496	0.00477616	2237
433	-0.239046	0.00477503	2237
434	-0.239596	0.00477405	2236
435	-0.240144	0.00477755	2236
436	-0.24069	0.00477935	2236
437	-0.241236	0.00477942	2236
438	-0.241781	0.00477775	2236
439	-0.242325	0.00477432	2236
440	-0.242869	0.00476914	2236
441	-0.243413	0.00476217	2236
442	-0.243956	0.00475343	2236
443	-0.244499	0.00474291	2236
444	-0.245042	0.0047306	2236
445	-0.245585	0.00471651	2236
446	-0.246129	0.00470063	2236
447	-0.246672	0.00468297	2236
448	-0.247216	0.00466354	2236
449	-0.247761	0.00464234	2236
450	-0.248306	0.00461938	2236
451	-0.248852	0.00459467	2236
452	-0.249398	0.00456823	2236
453	-0.249945	0.00454008	2236
454	-0.250493	0.00451023	2236
455	-0.251042	0.00447869	2236
456	-0.251592	0.00446562	2529
457	-0.252144	0.00446215	2529
458	-0.252696	0.00445703	2529
459	-0.253249	0.00445026	2529
460	-0.253804	0.00444183	2529
461	-0.25436	0.0044423	2530
462	-0.254918	0.00444188	2530
463	-0.255477	0.00443988	2530
464	-0.256038	0.00443629	2530
465	-0.2566	0.00443109	2530
466	-0.257163	0.00442428	2530
467	-0.257729	0.00441587	2530
468	-0.258296	0.0044135	2531
469	-0.258864	0.00441545	2531
470	-0.259434	0.00441589	2531
471	-0.260006	0.0044148	2531
472	-0.260579	0.00441219	2531
473	-0.261155	0.00440804	2531
474	-0.261731	0.00440737	2532
475	-0.26231	0.00441327	2532
476	-0.26289	0.00441772	2532
477	-0.263472	0.00442072	2532
478	-0.264055	0.00442427	2535
479	-0.26464	0.00442998	2534
480	-0.265227	0.00443809	2534
481	-0.265815	0.00444478	2534
482	-0.266405	0.00445002	2534
483	-0.266996	0.0044538	2534
484	-0.267589	0.00445611	2534
485	-0.268184	0.00445693	2534
486	-0.26878	0.00445626	2534
487	-0.269377	0.00445409	2534
488	-0.269976	0.0044504	2534
489	-0.270577	0.00444519	2534
490	-0.271178	0.00443846	2534
491	-0.271781	0.0044302	2534
492	-0.272384	0.00442041	2534
493	-0.272989	0.00440908	2534
494	-0.273594	0.00439624	2534
495	-0.2742	0.00438186	2534
496	-0.274807	0.00436596	2534
497	-0.275415	0.00434855	2534
498	-0.276023	0.00432963	2534
499	-0.276632	0.00430921	2534
500	-0.277241	0.00428731	2534
501	-0.277851	0.00426393	2534
502	-0.27846	0.00423909	2534
503	-0.27907	0.0042128	2534
504	-0.27968	0.00418509	2534
505	-0.280289	0.00415597	2534
506	-0.280899	0.00412546	2534
507	-0.281508	0.00409362	2827
508	-0.282117	0.00408604	2827
509	-0.282725	0.00407708	2827
510	-0.283333	0.00407617	2828
511	-0.283941	0.00407578	2828
512	-0.284547	0.00407408	2828
513	-0.285153	0.00407107	2828
514	-0.285758	0.00406674	2828
515	-0.286362	0.00406109	2828
516	-0.286965	0.00405902	2829
517	-0.287567	0.00406308	2829
518	-0.288167	0.00406591	2829
519	-0.288766	0.0040675	2829
520	-0.289364	0.00406782	2829
521	-0.28996	0.00406688	2829
522	-0.290554	0.00407093	2830
523	-0.291146	0.00407867	2830
524	-0.291737	0.00408521	2830
525	-0.292326	0.00409054	2830
526	-0.292913	0.00409838	2831
527	-0.293497	0.00410795	2831
528	-0.29408	0.00411633	2831
529	-0.29466	0.00412424	2832
530	-0.295238	0.00413125	2832
531	-0.295813	0.00413703	2832
532	-0.296386	0.00414158	2832
533	-0.296957	0.00414488	2832
534	-0.297525	0.00414692	2832
535	-0.29809	0.00414769	2832
536	-0.298652	0.00414718	2832
537	-0.299212	0.00414539	2832
538	-0.299769	0.00414231	2832
539	-0.300324	0.00413794	2832
540	-0.300875	0.00413227	2832
541	-0.301423	0.00412531	2832
542	-0.301969	0.00411704	2832
543	-0.302511	0.00410747	2832
544	-0.30305	0.00409661	2832
545	-0.303586	0.00408445	2832
546	-0.30412	0.004071	2832
547	-0.30465	0.00405627	2832
548	-0.305176	0.00404025	2832
549	-0.3057	0.00402297	2832
550	-0.306221	0.00400442	2832
551	-0.306738	0.00398462	2832
552	-0.307252	0.00396359	2832
553	-0.307763	0.00394132	2832
554	-0.308271	0.00391785	2832
555	-0.308776	0.00389317	2832
556	-0.309277	0.00386732	2832
557	-0.309776	0.0038403	2832
558	-0.310271	0.00381213	2832
559	-0.310763	0.00378284	2832
560	-0.311252	0.00375245	2832
561	-0.311737	0.0037531	3126
562	-0.31222	0.0037527	3126
563	-0.312699	0.00375123	3126
564	-0.313175	0.00374868	3126
565	-0.313648	0.00374505	3126
566	-0.314118	0.00374517	3127
567	-0.314585	0.00375047	3127
568	-0.315049	0.00375475	3127
569	-0.31551	0.003758	3127
570	-0.315968	0.00376021	3127
571	-0.316424	0.00376138	3127
572	-0.316876	0.00376798	3128
573	-0.317325	0.00377658	3128
574	-0.317772	0.00378418	3128
575	-0.318216	0.00379136	3129
576	-0.318657	0.00380233	3129
577	-0.319095	0.00381232	3129
578	-0.319531	0.00382131	3129
579	-0.319964	0.00382929	3129
580	-0.320395	0.00383625	3129
581	-0.320824	0.00384255	3130
582	-0.321249	0.00384832	3130
583	-0.321673	0.00385304	3130
584	-0.322094	0.0038567	3130
585	-0.322513	0.0038593	3130
586	-0.32293	0.00386082	3130
587	-0.323345	0.00386127	3130
588	-0.323757	0.00386063	3130
589	-0.324168	0.0038589	3130
590	-0.324576	0.00385607	3130
591	-0.324983	0.00385215	3130
592	-0.325387	0.00384714	3130
593	-0.32579	0.00384102	3130
594	-0.326191	0.00383381	3130
595	-0.326591	0.00382549	3130
596	-0.326989	0.00381608	3130
597	-0.327385	0.00380558	3130
598	-0.32778	0.00379399	3130
599	-0.328173	0.00378132	3130
600	-0.328565	0.00376757	3130
601	-0.328955	0.00375274	3130
602	-0.329344	0.00373686	3130
603	-0.329732	0.00371992	3130
604	-0.330118	0.00370193	3130
605	-0.330503	0.00368291	3130
606	-0.330887	0.00366287	3130
607	-0.33127	0.00364182	3130
608	-0.331651	0.00361978	3130
609	-0.332032	0.00359675	3130
610	-0.332411	0.00357275	3130
611	-0.33279	0.00354781	3130
612	-0.333167	0.00352193	3130
613	-0.333544	0.00349514	3130
614	-0.333919	0.00347578	3424
615	-0.334294	0.00347541	3424
616	-0.334667	0.00347414	3424
617	-0.33504	0.00347199	3424
618	-0.335412	0.00347475	3425
619	-0.335783	0.00348071	3425
620	-0.336153	0.00348581	3425
621	-0.336522	0.00349007	3425
622	-0.336891	0.00349347	3425
623	-0.337258	0.003496	3425
624	-0.337625	0.00350266	3426
625	-0.337992	0.00351153	3426
626	-0.338357	0.00351956	3426
627	-0.338722	0.00352781	3427
628	-0.339086	0.00353856	3427
629	-0.339449	0.00354848	3427
630	-0.339811	0.00355755	3427
631	-0.340173	0.00356578	3427
632	-0.340534	0.00357315	3427
633	-0.340895	0.00357964	3427
634	-0.341254	0.00358526	3427
635	-0.341613	0.00359	3427
636	-0.341971	0.00359442	3428
637	-0.342328	0.00359812	3428
638	-0.342685	0.00360092	3428
639	-0.343041	0.00360282	3428
640	-0.343396	0.0036038	3428
641	-0.34375	0.00360387	3428
642	-0.344104	0.00360301	3428
643	-0.344457	0.00360124	3428
644	-0.344809	0.00359853	3428
645	-0.34516	0.0035949	3428
646	-0.345511	0.00359035	3428
647	-0.34586	0.00358487	3428
648	-0.346209	0.00357846	3428
649	-0.346557	0.00357112	3428
650	-0.346904	0.00356287	3428
651	-0.347251	0.00355369	3428
652	-0.347596	0.0035436	3428
653	-0.34794	0.0035326	3428
654	-0.348284	0.00352069	3428
655	-0.348627	0.00350788	3428
656	-0.348968	0.00349418	3428
657	-0.349309	0.0034796	3428
658	-0.349649	0.00346414	3428
659	-0.349988	0.00344781	3428
660	-0.350325	0.00343063	3428
661	-0.350662	0.0034126	3428
662	-0.350998	0.00339373	3428
663	-0.351332	0.00337404	3428
664	-0.351666	0.00335354	3428
665	-0.351998	0.00333224	3428
666	-0.35233	0.00331016	3428
667	-0.35266	0.00328731	3428
668	-0.352989	0.0032637	3428
669	-0.353316	0.00324221	3722
670	-0.353643	0.003242	3722
671	-0.353968	0.00324106	3722
672	-0.354292	0.0032452	3723
673	-0.354615	0.00325155	3723
674	-0.354937	0.0032572	3723
675	-0.355257	0.00326213	3723
676	-0.355576	0.00326635	3723
677	-0.355894	0.00326985	3723
678	-0.35621	0.00327358	3724
679	-0.356525	0.00328248	3724
680	-0.356838	0.00329069	3724
681	-0.35715	0.00329819	3724
682	-0.357461	0.00330727	3725
683	-0.35777	0.00331698	3725
684	-0.358078	0.00332597	3725
685	-0.358385	0.00333425	3725
686	-0.358689	0.0033418	3725
687	-0.358993	0.00334862	3725
688	-0.359295	0.00335471	3725
689	-0.359595	0.00336005	3725
690	-0.359894	0.00336464	3725
691	-0.360191	0.00336847	3725
692	-0.360487	0.00337154	3725
693	-0.360782	0.00337407	3726
694	-0.361074	0.00337626	3726
695	-0.361365	0.00337768	3726
696	-0.361655	0.00337833	3726
697	-0.361943	0.0033782	3726
698	-0.362229	0.00337729	3726
699	-0.362514	0.0033756	3726
700	-0.362798	0.00337312	3726
701	-0.363079	0.00336987	3726
702	-0.363359	0.00336583	3726
703	-0.363638	0.00336101	3726
704	-0.363915	0.00335541	3726
705	-0.36419	0.00334903	3726
706	-0.364463	0.00334188	3726
707	-0.364735	0.00333395	3726
708	-0.365006	0.00332526	3726
709	-0.365275	0.0033158	3726
710	-0.365542	0.00330558	3726
711	-0.365807	0.0032946	3726
712	-0.366071	0.00328288	3726
713	-0.366334	0.00327042	3726
714	-0.366595	0.00325722	3726
715	-0.366854	0.00324329	3726
716	-0.367111	0.00322864	3726
717	-0.367368	0.00321329	3726
718	-0.367622	0.00319723	3726
719	-0.367875	0.00318048	3726
720	-0.368126	0.00316305	3726
721	-0.368376	0.00314496	3726
722	-0.368624	0.0031262	3726
723	-0.368871	0.0031068	3726
724	-0.369116	0.00308676	3726
725	-0.369359	0.0030661	3726
726	-0.369601	0.00305142	4020
727	-0.369842	0.00305146	4020
728	-0.370081	0.0030556	4021
729	-0.370318	0.00306219	4021
730	-0.370554	0.00306818	4021
731	-0.370789	0.00307358	4021
732	-0.371022	0.00307837	4021
733	-0.371253	0.00308256	4021
734	-0.371483	0.00308614	4021
735	-0.371712	0.00309015	4022
736	-0.371939	0.00309839	4022
737	-0.372165	0.00310604	4022
738	-0.372389	0.00311309	4022
739	-0.372612	0.00311999	4023
740	-0.372834	0.00312886	4023
741	-0.373054	0.00313712	4023
742	-0.373273	0.00314477	4023
743	-0.37349	0.0031518	4023
744	-0.373706	0.00315821	4023
745	-0.373921	0.00316399	4023
746	-0.374135	0.00316914	4023
747	-0.374347	0.00317364	4023
748	-0.374558	0.00317751	4023
749	-0.374768	0.00318073	4023
750	-0.374976	0.00318329	4023
751	-0.375183	0.00318521	4023
752	-0.375389	0.00318647	4023
753	-0.375594	0.00318742	4024
754	-0.375798	0.00318794	4024
755	-0.376	0.0031878	4024
756	-0.376202	0.003187	4024
757	-0.376402	0.00318554	4024
758	-0.376601	0.00318342	4024
759	-0.376799	0.00318063	4024
760	-0.376996	0.00317718	4024
761	-0.377192	0.00317308	4024
762	-0.377387	0.00316831	4024
763	-0.37758	0.00316289	4024
764	-0.377773	0.00315681	4024
765	-0.377965	0.00315008	4024
766	-0.378156	0.0031427	4024
767	-0.378345	0.00313468	4024
768	-0.378534	0.00312602	4024
769	-0.378722	0.00311672	4024
770	-0.378909	0.00310679	4024
771	-0.379095	0.00309623	4024
772	-0.37928	0.00308506	4024
773	-0.379464	0.00307327	4024
774	-0.379647	0.00306088	4024
775	-0.379829	0.00304789	4024
776	-0.380011	0.00303431	4024
777	-0.380192	0.00302014	4024
778	-0.380371	0.0030054	4024
779	-0.38055	0.0029901	4024
780	-0.380728	0.00297424	4024
781	-0.380906	0.00295783	4024
782	-0.381082	0.00294088	4024
783	-0.381258	0.00292341	4024
784	-0.381433	0.00290542	4024
785	-0.381607	0.00290097	4318
786	-0.381781	0.00290312	4319
787	-0.381954	0.00290993	4319
788	-0.382126	0.00291624	4319
789	-0.382297	0.00292203	4319
790	-0.382467	0.00292731	4319
791	-0.382637	0.00293208	4319
792	-0.382806	0.00293632	4319
793	-0.382975	0.00294004	4319
794	-0.383142	0.00294324	4319
795	-0.383309	0.00294922	4320
796	-0.383476	0.00295651	4320
797	-0.383641	0.00296329	4320
798	-0.383806	0.00296954	4320
799	-0.383971	0.00297527	4320
800	-0.384134	0.0029824	4321
801	-0.384297	0.00298969	4321
802	-0.38446	0.00299645	4321
803	-0.384621	0.00300267	4321
804	-0.384782	0.00300835	4321
805	-0.384943	0.00301349	4321
806	-0.385103	0.00301809	4321
807	-0.385262	0.00302213	4321
808	-0.38542	0.00302562	4321
809	-0.385578	0.00302856	4321
810	-0.385736	0.00303093	4321
811	-0.385892	0.00303275	4321
812	-0.386048	0.00303401	4321
813	-0.386204	0.0030347	4321
814	-0.386359	0.00303482	4321
815	-0.386513	0.00303478	4322
816	-0.386667	0.0030343	4322
817	-0.38682	0.00303326	4322
818	-0.386972	0.00303165	4322
819	-0.387124	0.00302948	4322
820	-0.387275	0.00302674	4322
821	-0.387426	0.00302344	4322
822	-0.387576	0.00301958	4322
823	-0.387725	0.00301516	4322
824	-0.387874	0.00301017	4322
825	-0.388023	0.00300464	4322
826	-0.38817	0.00299854	4322
827	-0.388317	0.0029919	4322
828	-0.388464	0.00298472	4322
829	-0.38861	0.00297698	4322
830	-0.388755	0.00296871	4322
831	-0.3889	0.00295991	4322
832	-0.389044	0.00295058	4322
833	-0.389188	0.00294072	4322
834	-0.389331	0.00293034	4322
835	-0.389473	0.00291945	4322
836	-0.389615	0.00290805	4322
837	-0.389756	0.00289616	4322
838	-0.389897	0.00288377	4322
839	-0.390037	0.00287089	4322
840	-0.390176	0.00285753	4322
841	-0.390315	0.0028437	4322
842	-0.390453	0.00282941	4322
843	-0.390591	0.00281466	4322
844	-0.390728	0.00279946	4322
845	-0.390864	0.00278796	4616
846	-0.391	0.00278916	4616
847	-0.391135	0.002794	4617
848	-0.39127	0.00280056	4617
849	-0.391404	0.00280669	4617
850	-0.391537	0.00281237	4617
851	-0.39167	0.00281761	4617
852	-0.391802	0.00282239	4617
853	-0.391934	0.00282672	4617
854	-0.392065	0.00283059	4617
855	-0.392195	0.002834	4617
856	-0.392325	0.00283696	4617
857	-0.392455	0.002843	4618
858	-0.392583	0.00284964	4618
859	-0.392711	0.00285583	4618
860	-0.392839	0.00286156	4618
861	-0.392966	0.00286683	4618
862	-0.393092	0.00287163	4618
863	-0.393217	0.00287785	4619
864	-0.393343	0.00288406	4619
865	-0.393467	0.00288979	4619
866	-0.393591	0.00289506	4619
867	-0.393714	0.00289986	4619
868	-0.393837	0.00290417	4619
869	-0.393959	0.00290801	4619
870	-0.394081	0.00291136	4619
871	-0.394202	0.00291423	4619
872	-0.394322	0.00291662	4619
873	-0.394442	0.00291851	4619
874	-0.394561	0.00291991	4619
875	-0.39468	0.00292083	4619
876	-0.394798	0.00292125	4619
877	-0.394916	0.00292118	4619
878	-0.395033	0.00292079	4620
879	-0.39515	0.00292023	4620
880	-0.395266	0.00291918	4620
881	-0.395381	0.00291764	4620
882	-0.395496	0.00291561	4620
883	-0.395611	0.00291308	4620
884	-0.395725	0.00291007	4620
885	-0.395838	0.00290656	4620
886	-0.395951	0.00290257	4620
887	-0.396063	0.0028981	4620
888	-0.396175	0.00289314	4620
889	-0.396286	0.0028877	4620
890	-0.396397	0.00288178	4620
891	-0.396507	0.00287538	4620
892	-0.396617	0.00286852	4620
893	-0.396727	0.00286118	4620
894	-0.396835	0.00285338	4620
895	-0.396944	0.00284512	4620
896	-0.397052	0.0028364	4620
897	-0.397159	0.00282723	4620
898	-0.397266	0.00281761	4620
899	-0.397373	0.00280755	4620
900	-0.397479	0.00279705	4620
901	-0.397584	0.00278612	4620
902	-0.39769	0.00277476	4620
903	-0.397794	0.00276298	4620
904	-0.397899	0.00275079	4620
905	-0.398003	0.00273819	4620
906	-0.398106	0.00272519	4620
907	-0.398209	0.00271179	4620
908	-0.398312	0.00271026	4914
909	-0.398414	0.00271165	4914
910	-0.398516	0.00271834	4915
911	-0.398617	0.00272474	4915
912	-0.398718	0.00273074	4915
913	-0.398819	0.00273634	4915
914	-0.398919	0.00274154	4915
915	-0.399019	0.00274634	4915
916	-0.399118	0.00275073	4915
917	-0.399217	0.00275471	4915
918	-0.399316	0.00275828	4915
919	-0.399414	0.00276143	4915
920	-0.399512	0.00276417	4915
921	-0.39961	0.00277057	4916
922	-0.399707	0.00277676	4916
923	-0.399804	0.00278254	4916
924	-0.399901	0.00278791	4916
925	-0.399997	0.00279286	4916
926	-0.400093	0.0027974	4916
927	-0.400189	0.00280173	4917
928	-0.400284	0.00280762	4917
929	-0.400379	0.00281309	4917
930	-0.400474	0.00281813	4917
931	-0.400568	0.00282275	4917
932	-0.400662	0.00282695	4917
933	-0.400756	0.00283071	4917
934	-0.40085	0.00283404	4917
935	-0.400943	0.00283694	4917
936	-0.401036	0.0028394	4917
937	-0.401128	0.00284142	4917
938	-0.401221	0.002843	4917
939	-0.401313	0.00284414	4917
940	-0.401404	0.00284484	4917
941	-0.401496	0.0028451	4917
942	-0.401587	0.00284491	4917
943	-0.401678	0.00284475	4918
944	-0.401769	0.00284418	4918
945	-0.401859	0.00284316	4918
946	-0.401949	0.00284169	4918
947	-0.402039	0.00283979	4918
948	-0.402129	0.00283744	4918
949	-0.402218	0.00283466	4918
950	-0.402308	0.00283143	4918
951	-0.402397	0.00282776	4918
952	-0.402485	0.00282365	4918
953	-0.402574	0.00281911	4918
954	-0.402662	0.00281413	4918
955	-0.40275	0.00280873	4918
956	-0.402838	0.00280289	4918
957	-0.402925	0.00279662	4918
958	-0.403013	0.00278993	4918
959	-0.4031	0.00278282	4918
960	-0.403187	0.00277529	4918
961	-0.403273	0.00276734	4918
962	-0.40336	0.00275899	4918
963	-0.403446	0.00275022	4918
964	-0.403532	0.00274105	4918
965	-0.403617	0.00273148	4918
966	-0.403703	0.00272152	4918
967	-0.403788	0.00271117	4918
968	-0.403873	0.00270043	4918
969	-0.403958	0.00268931	4918
970	-0.404043	0.00267781	4918
971	-0.404127	0.00266595	4918
972	-0.404211	0.00265986	5212
973	-0.404295	0.00266153	5212
974	-0.404379	0.00266733	5213
975	-0.404462	0.00267382	5213
976	-0.404545	0.00267995	5213
977	-0.404629	0.00268571	5213
978	-0.404711	0.0026911	5213
979	-0.404794	0.00269611	5213
980	-0.404876	0.00270075	5213
981	-0.404959	0.00270501	5213
982	-0.40504	0.00270888	5213
983	-0.405122	0.00271237	5213
984	-0.405204	0.00271548	5213
985	-0.405285	0.00271819	5213
986	-0.405366	0.00272452	5214
987	-0.405447	0.00273062	5214
988	-0.405527	0.00273634	5214
989	-0.405608	0.00274168	5214
990	-0.405688	0.00274663	5214
991	-0.405768	0.00275119	5214
992	-0.405847	0.00275536	5214
993	-0.405927	0.00276027	5215
994	-0.406006	0.00276582	5215
995	-0.406085	0.00277098	5215
996	-0.406164	0.00277575	5215
997	-0.406242	0.00278013	5215
998	-0.40632	0.0027841	5215
999	-0.406398	0.00278768	5215
1000	-0.406476	0.00279085	5215
1001	-0.406554	0.00279362	5215
1002	-0.406631	0.00279598	5215
1003	-0.406708	0.00279793	5215
1004	-0.406785	0.00279947	5215
1005	-0.406862	0.0028006	5215
1006	-0.406938	0.0028013	5215
1007	-0.407014	0.00280189	5216
1008	-0.40709	0.00280229	5216
1009	-0.407166	0.00280228	5216
1010	-0.407241	0.00280185	5216
1011	-0.407316	0.002801	5216
1012	-0.407391	0.00279974	5216
1013	-0.407466	0.00279807	5216
1014	-0.40754	0.00279598	5216
1015	-0.407614	0.00279347	5216
1016	-0.407688	0.00279055	5216
1017	-0.407762	0.00278721	5216
1018	-0.407835	0.00278346	5216
1019	-0.407908	0.0027793	5216
1020	-0.407981	0.00277472	5216
1021	-0.408054	0.00276974	5216
1022	-0.408126	0.00276435	5216
1023	-0.408198	0.00275855	5216
1024	-0.40827	0.00275235	5216
1025	-0.408342	0.00274575	5216
1026	-0.408413	0.00273875	5216
1027	-0.408484	0.00273135	5216
1028	-0.408555	0.00272356	5216
1029	-0.408625	0.00271537	5216
1030	-0.408695	0.0027068	5216
1031	-0.408765	0.00269785	5216
1032	-0.408835	0.00268851	5216
1033	-0.408904	0.0026788	5216
1034	-0.408973	0.00266872	5216
1035	-0.409042	0.00265826	5216
1036	-0.409111	0.00264744	5216
1037	-0.409179	0.00263627	5216
1038	-0.409247	0.0026304	5510
1039	-0.409314	0.00263557	5511
1040	-0.409382	0.00264223	5511
1041	-0.409449	0.00264855	5511
1042	-0.409516	0.00265452	5511
1043	-0.409582	0.00266013	5511
1044	-0.409648	0.00266538	5511
1045	-0.409714	0.00267028	5511
1046	-0.409779	0.00267481	5511
1047	-0.409845	0.00267898	5511
1048	-0.409909	0.00268278	5511
1049	-0.409974	0.00268621	5511
1050	-0.410038	0.00268927	5511
1051	-0.410102	0.00269351	5512
1052	-0.410166	0.00269998	5512
1053	-0.410229	0.0027061	5512
1054	-0.410292	0.00271185	5512
1055	-0.410355	0.00271724	5512
1056	-0.410417	0.00272226	5512
1057	-0.410479	0.0027269	5512
1058	-0.41054	0.00273117	5512
1059	-0.410601	0.00273665	5513
1060	-0.410662	0.00274238	5513
1061	-0.410723	0.00274774	5513
1062	-0.410783	0.00275273	5513
1063	-0.410843	0.00275734	5513
1064	-0.410902	0.00276157	5513
1065	-0.410961	0.00276541	5513
1066	-0.41102	0.00276886	5513
1067	-0.411078	0.00277192	5513
1068	-0.411136	0.0027746	5513
1069	-0.411194	0.00277687	5513
1070	-0.411251	0.00277876	5513
1071	-0.411307	0.00278031	5514
1072	-0.411364	0.00278194	5514
1073	-0.41142	0.00278316	5514
1074	-0.411475	0.00278399	5514
1075	-0.41153	0.00278442	5514
1076	-0.411585	0.00278444	5514
1077	-0.41164	0.00278405	5514
1078	-0.411693	0.00278327	5514
1079	-0.411747	0.00278207	5514
1080	-0.4118	0.00278047	5514
1081	-0.411853	0.00277847	5514
1082	-0.411905	0.00277605	5514
1083	-0.411956	0.00277323	5514
1084	-0.412008	0.00277001	5514
1085	-0.412058	0.00276637	5514
1086	-0.412109	0.00276234	5514
1087	-0.412158	0.00275789	5514
1088	-0.412208	0.00275305	5514
1089	-0.412257	0.0027478	5514
1090	-0.412305	0.00274215	5514
1091	-0.412353	0.00273611	5514
1092	-0.4124	0.00272966	5514
1093	-0.412447	0.00272282	5514
1094	-0.412493	0.00271559	5514
1095	-0.412539	0.00270797	5514
1096	-0.412584	0.00269996	5514
1097	-0.412629	0.00269156	5514
1098	-0.412673	0.00268278	5514
1099	-0.412717	0.00267362	5514
1100	-0.41276	0.00266409	5514
1101	-0.412802	0.00265418	5514
1102	-0.412844	0.0026439	5514
1103	-0.412885	0.00263326	5514
1104	-0.412926	0.00262225	5514
1105	-0.412966	0.00261746	5809
1106	-0.413005	0.00262422	5809
1107	-0.413044	0.00263065	5809
1108	-0.413082	0.00263673	5809
1109	-0.413119	0.00264247	5809
1110	-0.413156	0.00264787	5809
1111	-0.413192	0.00265291	5809
1112	-0.413227	0.00265759	5809
1113	-0.413262	0.00266192	5809
1114	-0.413296	0.00266589	5809
1115	-0.413329	0.00266949	5809
1116	-0.413362	0.00267273	5809
1117	-0.413394	0.00267732	5810
1118	-0.413425	0.00268409	5810
1119	-0.413455	0.00269051	5810
1120	-0.413485	0.00269657	5810
1121	-0.413513	0.00270228	5810
1122	-0.413541	0.00270763	5810
1123	-0.413568	0.00271261	5810
1124	-0.413594	0.00271723	5810
1125	-0.41362	0.0027237	5811
1126	-0.413644	0.00272991	5811
1127	-0.413668	0.00273575	5811
1128	-0.413691	0.00274122	5811
1129	-0.413713	0.00274632	5811
1130	-0.413734	0.00275105	5811
1131	-0.413754	0.0027554	5811
1132	-0.413773	0.00275937	5811
1133	-0.413791	0.00276296	5811
1134	-0.413808	0.00276616	5811
1135	-0.413824	0.00276897	5811
1136	-0.41384	0.00277159	5812
1137	-0.413854	0.00277419	5812
1138	-0.413867	0.0027764	5812
1139	-0.413879	0.00277822	5812
1140	-0.41389	0.00277963	5812
1141	-0.4139	0.00278065	5812
1142	-0.413909	0.00278126	5812
1143	-0.413916	0.00278148	5812
1144	-0.413923	0.00278129	5812
1145	-0.413928	0.00278069	5812
1146	-0.413932	0.00277969	5812
1147	-0.413935	0.00277829	5812
1148	-0.413937	0.00277647	5812
1149	-0.413938	0.00277425	5812
1150	-0.413937	0.00277162	5812
1151	-0.413935	0.00276858	5812
1152	-0.413932	0.00276513	5812
1153	-0.413927	0.00276128	5812
1154	-0.413921	0.00275702	5812
1155	-0.413914	0.00275235	5812
1156	-0.413905	0.00274727	5812
1157	-0.413895	0.0027418	5812
1158	-0.413884	0.00273591	5812
1159	-0.413871	0.00272963	5812
1160	-0.413857	0.00272294	5812
1161	-0.413841	0.00271586	5812
1162	-0.413823	0.00270838	5812
1163	-0.413804	0.0027005	5812
1164	-0.413784	0.00269223	5812
1165	-0.413762	0.00268358	5812
1166	-0.413738	0.00267453	5812
1167	-0.413713	0.0026651	5812
1168	-0.413686	0.00265529	5812
1169	-0.413657	0.00264511	5812
1170	-0.413626	0.00263454	5812
1171	-0.413594	0.00262361	5812
1172	-0.41356	0.00261231	5812
1173	-0.413524	0.00261267	6107
1174	-0.413487	0.00261907	6107
1175	-0.413447	0.00262514	6107
1176	-0.413406	0.00263087	6107
1177	-0.413362	0.00263625	6107
1178	-0.413317	0.00264128	6107
1179	-0.41327	0.00264596	6107
1180	-0.413221	0.00265029	6107
1181	-0.413169	0.00265426	6107
1182	-0.413116	0.00265787	6107
1183	-0.41306	0.002662	6108
1184	-0.413002	0.00266929	6108
1185	-0.412943	0.00267623	6108
1186	-0.41288	0.00268284	6108
1187	-0.412816	0.00268909	6108
1188	-0.412749	0.00269499	6108
1189	-0.41268	0.00270053	6108
1190	-0.412609	0.00270571	6108
1191	-0.412535	0.00271284	6109
1192	-0.412459	0.00271971	6109
1193	-0.41238	0.00272622	6109
1194	-0.412299	0.00273237	6109
1195	-0.412215	0.00273816	6109
1196	-0.412129	0.00274358	6109
1197	-0.41204	0.00274863	6109
1198	-0.411948	0.0027533	6109
1199	-0.411853	0.00275759	6109
1200	-0.411756	0.0027615	6109
1201	-0.411656	0.00276503	6109
1202	-0.411553	0.0027687	6110
1203	-0.411447	0.00277205	6110
1204	-0.411339	0.00277501	6110
1205	-0.411227	0.00277757	6110
1206	-0.411112	0.00277974	6110
1207	-0.410994	0.00278151	6110
1208	-0.410873	0.00278288	6110
1209	-0.410749	0.00278384	6110
1210	-0.410621	0.0027844	6110
1211	-0.41049	0.00278456	6110
1212	-0.410356	0.00278431	6110
1213	-0.410219	0.00278365	6110
1214	-0.410078	0.00278257	6110
1215	-0.409933	0.00278109	6110
1216	-0.409785	0.00277919	6110
1217	-0.409634	0.00277688	6110
1218	-0.409478	0.00277416	6110
1219	-0.409319	0.00277103	6110
1220	-0.409156	0.00276748	6110
1221	-0.408989	0.00276351	6110
1222	-0.408819	0.00275914	6110
1223	-0.408644	0.00275435	6110
1224	-0.408465	0.00274914	6110
1225	-0.408282	0.00274353	6110
1226	-0.408095	0.00273751	6110
1227	-0.407904	0.00273107	6110
1228	-0.407708	0.00272423	6110
1229	-0.407508	0.00271699	6110
1230	-0.407304	0.00270934	6110
1231	-0.407095	0.00270129	6110
1232	-0.406881	0.00269284	6110
1233	-0.406663	0.00268399	6110
1234	-0.40644	0.00267475	6110
1235	-0.406212	0.00266512	6110
1236	-0.405979	0.00265509	6110
1237	-0.405741	0.00264469	6110
1238	-0.405498	0.0026339	6110
1239	-0.40525	0.00262273	6110
1240	-0.404997	0.00261118	6110
1241	-0.404738	0.00260307	6405
1242	-0.404474	0.00260935	6405
1243	-0.404205	0.0026153	6405
1244	-0.40393	0.00262091	6405
1245	-0.403649	0.00262618	6405
1246	-0.403363	0.0026311	6405
1247	-0.40307	0.00263567	6405
1248	-0.402772	0.00263988	6405
1249	-0.402468	0.00264374	6405
1250	-0.402157	0.00264961	6406
1251	-0.40184	0.00265727	6406
1252	-0.401517	0.0026646	6406
1253	-0.401187	0.00267159	6406
1254	-0.400851	0.00267823	6406
1255	-0.400507	0.00268452	6406
1256	-0.400157	0.00269046	6406
1257	-0.3998	0.00269698	6407
1258	-0.399436	0.00270469	6407
1259	-0.399065	0.00271206	6407
1260	-0.398686	0.00271907	6407
1261	-0.3983	0.00272573	6407
1262	-0.397907	0.00273202	6407
1263	-0.397505	0.00273795	6407
1264	-0.397096	0.00274352	6407
1265	-0.396678	0.0027487	6407
1266	-0.396253	0.00275352	6407
1267	-0.395819	0.00275795	6407
1268	-0.395377	0.00276244	6408
1269	-0.394926	0.00276673	6408
1270	-0.394466	0.00277063	6408
1271	-0.393997	0.00277414	6408
1272	-0.39352	0.00277726	6408
1273	-0.393033	0.00277998	6408
1274	-0.392536	0.0027823	6408
1275	-0.39203	0.00278422	6408
1276	-0.391514	0.00279127	2970
1277	-0.390988	0.00282139	2970
1278	-0.390452	0.00285198	2970
1279	-0.389905	0.00288306	2970
1280	-0.389348	0.00291465	2970
1281	-0.38878	0.00294675	2970
1282	-0.388201	0.00297939	2970
1283	-0.387611	0.00301258	2970
1284	-0.387009	0.00304634	2970
1285	-0.386396	0.00308068	2970
1286	-0.38577	0.00311563	2970
1287	-0.385133	0.0031512	2970
1288	-0.384482	0.0031874	2970
1289	-0.383819	0.00322428	2970
1290	-0.383143	0.00326183	2970
1291	-0.382453	0.0033001	2970
1292	-0.381749	0.0033391	2970
1293	-0.381032	0.00337887	2970
1294	-0.3803	0.00341942	2970
1295	-0.379553	0.0034608	2970
1296	-0.378791	0.00350303	2970
1297	-0.378013	0.00354616	2970
1298	-0.37722	0.00359021	2970
1299	-0.376409	0.00363522	2970
1300	-0.375582	0.00368125	2970
1301	-0.374737	0.00372834	2970
1302	-0.373874	0.00377655	2970
1303	-0.372992	0.00382592	2970
1304	-0.372091	0.00387653	2970
1305	-0.371169	0.00392844	2970
1306	-0.370226	0.00398174	2970
1307	-0.36926	0.0040365	2970
1308	-0.368272	0.00409284	2970
1309	-0.367259	0.00415086	2970
1310	-0.36622	0.0042107	2970
1311	-0.365154	0.00427249	2970
1312	-0.364058	0.00433642	2970
1313	-0.362931	0.00440269	2970
1314	-0.361769	0.00447152	2970
1315	-0.360571	0.00454321	2970
1316	-0.359332	0.00461809	2970
1317	-0.358047	0.00469656	2970
1318	-0.356712	0.004794	2969
1319	-0.355321	0.00494532	2969
1320	-0.353864	0.00511174	2969
1321	-0.352333	0.00529552	2969
1322	-0.350719	0.00549717	2969
1323	-0.349007	0.00571902	2969
1324	-0.347185	0.00596252	2969
1325	-0.345226	0.00623329	2969
1326	-0.343102	0.00653611	2969
1327	-0.34078	0.00687442	2969
1328	-0.338222	0.00725105	2969
1329	-0.335385	0.00766742	2969
1330	-0.332225	0.00812225	2969
1331	-0.328697	0.00860962	2969
1332	-0.324769	0.00911649	2969
1333	-0.320445	0.00961985	2969
1334	-0.315702	0.0100848	2969
1335	-0.310501	0.0104651	2969
1336	-0.304769	0.0107097	2969
1337	-0.298359	0.0107743	2969
1338	-0.291185	0.0117464	2970
1339	-0.283681	0.0128441	2970
1340	-0.277457	0.0136096	2970
1341	-0.274772	0.0135429	2970
1342	-0.275262	0.0123901	2970
1343	-0.274639	0.0105772	2970
1344	-0.269908	0.0105403	2971
1345	-0.261454	0.0118237	2971
1346	-0.250482	0.0132621	2971
1347	-0.238241	0.0146989	2971
1348	-0.225552	0.0160443	2971
1349	-0.213501	0.0171111	2971
1350	-0.203844	0.0174449	2971
1351	-0.197227	0.0167502	2971
1352	-0.191918	0.0153293	2971
1353	-0.186374	0.0157291	2672
1354	-0.179888	0.0169081	2672
1355	-0.172696	0.0180268	2672
1356	-0.165328	0.0190837	2672
1357	-0.158226	0.0200755	2672
1358	-0.15163	0.020996	2672
1359	-0.145605	0.0218331	2672
1360	-0.14014	0.0225713	2672
1361	-0.135196	0.0231921	2672
1362	-0.130738	0.0236768	2672
1363	-0.126728	0.0240087	2672
1364	-0.123118	0.0241757	2672
1365	-0.119843	0.0241721	2672
1366	-0.117142	0.0238948	2672
1367	-0.115091	0.0232821	2672
1368	-0.11298	0.0225606	2672
1369	-0.110738	0.0228528	2076
1370	-0.108331	0.023079	2076
1371	-0.105769	0.0232189	2076
1372	-0.103084	0.0232738	2076
1373	-0.100327	0.0232458	2076
1374	-0.0975246	0.0231379	2076
1375	-0.0947412	0.0229537	2076
1376	-0.0920446	0.0226974	2076
1377	-0.0894316	0.022373	2076
1378	-0.0869201	0.0219854	2076
1379	-0.0845383	0.0215398	2076
1380	-0.0822826	0.0210415	2076
1381	-0.0801457	0.0204958	2076
1382	-0.0781102	0.0199076	2076
1383	-0.0761485	0.020048	2374
1384	-0.074232	0.0205459	2374
1385	-0.0723543	0.0209649	2374
1386	-0.0705233	0.02131	2374
1387	-0.0687306	0.0215858	2374
1388	-0.0669951	0.0217971	2374
1389	-0.0653341	0.0219482	2374
1390	-0.0637533	0.0220434	2374
1391	-0.062241	0.0220867	2374
1392	-0.0608044	0.0220821	2374
1393	-0.0593943	0.0220334	2374
1394	-0.0580037	0.021944	2374
1395	-0.0566468	0.0218171	2374
1396	-0.0553436	0.0216557	2374
1397	-0.0541149	0.0214626	2374
1398	-0.0530007	0.0212403	2374
1399	-0.0519991	0.0209911	2374
1400	-0.0511035	0.0207172	2374
1401	-0.0503204	0.0204206	2374
1402	-0.0496944	0.020103	2374
1403	-0.0492151	0.0197661	2374
1404	-0.0487906	0.0195053	3268
1405	-0.0483953	0.0197855	3268
1406	-0.0479943	0.0200574	3268
1407	-0.0475536	0.0203208	3268
1408	-0.0470271	0.0205761	3268
1409	-0.046363	0.0208234	3268
1410	-0.045499	0.0210636	3268
1411	-0.0443584	0.0212975	3268
1412	-0.0429745	0.0215268	3268
1413	-0.0411058	0.0217534	3268
1414	-0.0386373	0.0219805	3268
1415	-0.0353035	0.0222123	3268
1416	-0.0307602	0.0224552	3268
1417	-0.0242835	0.0227182	3268
1418	-0.0154111	0.0239265	3271
1419	-0.00512438	0.0265778	3271
1420	-0.137214	0.020092	3271
1421	-0.134275	0.0195569	3271
1422	-0.134642	0.0181381	3268
1423	-0.168441	0.0171194	3268
1424	-0.190088	0.0164633	3268
1425	-0.204598	0.0160012	3268
1426	-0.21545	0.0156446	3268
1427	-0.224908	0.015318	3268
1428	-0.234776	0.0149708	3268
1429	-0.246335	0.0157147	2968
1430	-0.258188	0.0163998	2968
1431	-0.266409	0.0167784	2968
1432	-0.26315	0.0168667	2968
1433	-0.374494	0.014525	2670
1434	-0.40892	0.0135382	2670
1435	-0.401432	0.0130607	2670
1436	-0.674189	0.00644935	2670
1437	-0.802558	0.0045819	2670
1438	-0.817512	0.00431118	2670
1439	-0.746826	0.00505288	2670
1440	-0.60431	0.00703748	2670
1441	-0.502209	0.00885596	2968
1442	-0.409522	0.0105985	2968
1443	-0.331392	0.012559	3268
1444	-0.260543	0.015212	3268
1445	-0.197151	0.0180616	3268
1446	-0.140663	0.021071	3268
1447	-0.0792991	0.0248498	3268
1448	-0.0160011	0.0294304	3268
1449	0.0540733	0.0352646	3268
1450	0.136845	0.0429926	3268
1451	0.103751	0.0394386	3268
1452	0.111301	0.0396085	3268
1453	0.167014	0.0446696	3268
1454	0.217345	0.0500869	3268
1455	0.20723	0.0488222	3268
1456	0.197014	0.046959	3268
1457	0.188178	0.0447334	3268
1458	0.181441	0.0423074	3268
1459	0.173283	0.0398923	3268
1460	-0.217411	0.0152939	3268
1461	0.16368	0.0365219	3268
1462	-0.128555	0.0174657	3268
1463	0.153858	0.0330358	3268
1464	-0.137092	0.0157835	3268
1465	0.145779	0.0298355	3268
1466	-0.233336	0.0115603	3268
1467	0.140762	0.0270963	3268
1468	-0.402366	0.00714844	3268
1469	0.134113	0.0245757	3268
1470	-0.615065	0.00427298	3566
1471	0.100683	0.022614	3566
1472	-0.71798	0.0034803	3566
1473	0.0614099	0.0213526	3566
1474	-0.75941	0.00325229	3566
1475	0.0216966	0.020035	3566
1476	-0.762632	0.00331057	3566
1477	-0.0151038	0.0188552	3566
1478	-0.7439	0.00353705	3566
1479	-0.0474221	0.0178805	3566
1480	-0.715487	0.0038568	3566
1481	-0.0748815	0.0171145	3566
1482	-0.686715	0.00420166	3566
1483	-0.0976084	0.0165377	3566
1484	-0.664521	0.00450205	3566
1485	-0.115931	0.0161264	3566
1486	-0.653464	0.00469645	3566
1487	-0.130232	0.0158599	3566
1488	-0.655509	0.00474906	3566
1489	-0.140786	0.0157221	3566
1490	-0.6702	0.00466014	3566
1491	-0.147828	0.0157017	3566
1492	-0.695492	0.00445891	3566
1493	-0.151555	0.0157926	3566
1494	-0.728771	0.00418541	3566
1495	-0.152068	0.015994	3566
1496	-0.76772	0.003875	3566
1497	-0.149377	0.0163113	3566
1498	-0.81073	0.00355194	3566
1499	-0.143393	0.016757	3566
1500	-0.856955	0.00322976	3566
1501	-0.133869	0.017352	3566
1502	-0.906253	0.00291419	3566
1503	-0.120437	0.018129	3566
1504	-0.95909	0.00260607	3566
1505	-0.102505	0.0191375	3566
1506	-1.01659	0.00230347	3566
1507	-0.0792368	0.0204553	3566
1508	-1.08062	0.00200293	3566
1509	-0.0492416	0.0222124	3566
1510	-1.15417	0.0016999	3566
1511	-0.0100353	0.0246474	3566
1512	-1.24243	0.00139284	3270
1513	0.0432214	0.0282687	3566
1514	-1.35546	0.00126858	3270
1515	0.122217	0.0344423	3566
1516	-1.51652	0.00111287	3270
1517	0.162947	0.0385117	3566
1518	-1.20713	0.00159123	3566
1519	0.164734	0.03944	3566
1520	-0.985182	0.00276365	3566
1521	0.167083	0.0405053	3566
1522	-0.349284	0.0124947	3566
1523	-0.0345937	0.0259974	3566
1524	-0.293741	0.0142773	3566
1525	0.0392054	0.0313016	3566
1526	-0.265248	0.0155211	3566
1527	-0.145541	0.0207303	3566
1528	-0.247786	0.0164071	3566
1529	-0.291321	0.0149899	3566
1530	-0.248129	0.0166055	3566
1531	-0.524415	0.00882859	3566
1532	-0.228374	0.0176047	3566
1533	-0.904346	0.00362293	3566
1534	-0.182876	0.0198193	3566
1535	-1.47225	0.00136128	2971
1536	-0.0715702	0.0260373	3566
1537	-4.23155	3.89658e-06	2971
1538	-0.269835	0.0169082	3566
1539	-0.381593	0.0131193	3566
1540	-4.9041	8.08855e-07	2971
1541	-0.229094	0.0190797	3566
1542	nan	0.0145252	3566
1543	nan	0.0276582	2079
1544	nan	0.0199106	3561
1545	nan	0.0192273	1800
1546	nan	0.0192443	1800
1547	nan	0.0192174	1800
1548	nan	0.0191473	1800
1549	nan	0.019035	1800
1550	nan	0.0188819	1800
1551	nan	0.0186892	1800
1552	nan	0.0115661	1801
1553	nan	0.00443124	2995
1554	nan	0.00277075	7302
1555	nan	0.00277122	7302
