1	0	0.0630919	80
2	-0.0380753	0.0553954	80
3	-0.0686775	0.0495888	80
4	-0.0950448	0.044821	80
5	-0.118793	0.0407906	80
6	-0.140896	0.037266	80
7	-0.16194	0.034102	80
8	-0.182266	0.0312011	80
9	-0.202043	0.0284954	80
10	-0.221312	0.0259368	80
11	-0.240014	0.0234915	80
12	-0.258009	0.0211364	80
13	-0.275101	0.0188794	79
14	-0.291052	0.0183245	240
15	-0.305619	0.018408	240
16	-0.318586	0.0184178	240
17	-0.329752	0.0183504	240
18	-0.338994	0.0182012	240
19	-0.346289	0.0179627	240
20	-0.351711	0.0176305	240
21	-0.355412	0.0172039	240
22	-0.357613	0.01668	240
23	-0.358572	0.0160576	240
24	-0.358562	0.0153377	240
25	-0.357846	0.0145229	240
26	-0.356663	0.0137868	400
27	-0.355219	0.0142841	400
28	-0.353687	0.0147115	400
29	-0.352204	0.0150606	400
30	-0.350878	0.015323	400
31	-0.34979	0.0154912	400
32	-0.349003	0.0155584	400
33	-0.348561	0.015519	400
34	-0.348493	0.015369	400
35	-0.348815	0.0151061	400
36	-0.349534	0.0147302	400
37	-0.350641	0.0142435	400
38	-0.352117	0.0136501	400
39	-0.35393	0.0129568	400
40	-0.356041	0.0121724	400
41	-0.358404	0.0122438	560
42	-0.360967	0.0125905	560
43	-0.363682	0.0128677	560
44	-0.366504	0.013069	560
45	-0.369394	0.0131887	560
46	-0.372325	0.0132225	560
47	-0.375277	0.013167	560
48	-0.378239	0.0130205	560
49	-0.381208	0.0127829	560
50	-0.384182	0.0124557	560
51	-0.387163	0.0120421	560
52	-0.390149	0.0115469	560
53	-0.393139	0.0109763	560
54	-0.396127	0.0103381	560
55	-0.399106	0.0104824	717
56	-0.402067	0.0107404	718
57	-0.405002	0.0109459	718
58	-0.407908	0.011098	719
59	-0.41078	0.0111896	719
60	-0.41362	0.0112152	719
61	-0.416431	0.0111731	719
62	-0.419221	0.0110622	719
63	-0.421996	0.0108834	720
64	-0.424764	0.0106415	720
65	-0.42753	0.0103351	720
66	-0.430297	0.0099675	720
67	-0.433067	0.00954295	720
68	-0.435838	0.00906664	720
69	-0.438605	0.00900912	875
70	-0.441366	0.00917491	876
71	-0.444114	0.00931626	877
72	-0.446846	0.00943274	877
73	-0.449557	0.00951672	878
74	-0.452247	0.00955628	878
75	-0.454916	0.00955722	879
76	-0.457563	0.00950829	879
77	-0.460193	0.00940812	879
78	-0.462808	0.00925777	880
79	-0.46541	0.00906287	880
80	-0.468001	0.00882032	880
81	-0.470583	0.00853252	880
82	-0.473156	0.0082025	880
83	-0.475719	0.00783384	880
84	-0.478271	0.00787184	1034
85	-0.480809	0.00797453	1035
86	-0.48333	0.00806241	1036
87	-0.485833	0.00813382	1037
88	-0.488317	0.00819089	1037
89	-0.49078	0.0082248	1038
90	-0.493222	0.00822637	1039
91	-0.495644	0.00820119	1039
92	-0.498047	0.00813722	1039
93	-0.500434	0.00803468	1039
94	-0.502805	0.00789893	1040
95	-0.505162	0.00772701	1040
96	-0.507507	0.00751982	1040
97	-0.50984	0.00727925	1040
98	-0.51216	0.00700761	1040
99	-0.514469	0.00687218	1194
100	-0.516764	0.00693499	1194
101	-0.519044	0.00700041	1195
102	-0.521309	0.00705448	1196
103	-0.523557	0.00709741	1197
104	-0.525788	0.00713488	1197
105	-0.528002	0.0071535	1198
106	-0.530198	0.0071495	1198
107	-0.532377	0.00712665	1199
108	-0.534539	0.00707388	1199
109	-0.536686	0.00699201	1200
110	-0.538818	0.00688484	1200
111	-0.540936	0.00674921	1200
112	-0.543041	0.00658616	1200
113	-0.545134	0.00639705	1200
114	-0.547214	0.00618348	1200
115	-0.549281	0.00606513	1354
116	-0.551334	0.00611477	1354
117	-0.553374	0.00615926	1355
118	-0.5554	0.0061955	1356
