1	0.0150898	0.29005	81
2	0.00980143	0.129129	78
3	0.00780787	0.0847062	237
4	0.00785353	0.0784133	396
5	0.00832019	0.0737654	86
6	0.00825117	0.061361	74
7	0.0079842	0.0541628	713
8	0.00774787	0.0520184	389
9	0.00750753	0.0486557	546
10	0.00724772	0.0447778	1113
11	0.00697897	0.0445408	1272
12	0.00670031	0.0432778	1431
13	0.00640751	0.0408934	1590
14	0.00610356	0.0373938	1749
15	0.00579784	0.0339549	1334
16	0.00550049	0.0316673	1491
17	0.005219	0.0295396	1649
18	0.00495802	0.0275521	1807
19	0.00471885	0.0257145	1811
20	0.00449903	0.0239636	2123
21	0.00429342	0.0224153	2282
22	0.00409671	0.0207775	2441
23	0.00390551	0.0191458	2600
24	0.00371909	0.0175514	2759
25	0.00353839	0.0161132	2607
26	0.00336452	0.0148584	2766
27	0.00319791	0.0137585	2768
28	0.00303855	0.012779	2770
29	0.00288641	0.0120195	2616
30	0.00274179	0.0114012	2618
31	0.0026052	0.0108442	2620
32	0.00247713	0.010359	2778
33	0.0023579	0.00991569	2780
34	0.00224761	0.00948751	2938
35	0.00214619	0.00912575	2940
36	0.00205339	0.00874861	3098
37	0.00196876	0.00844482	3100
38	0.00189176	0.00812738	3101
39	0.00182172	0.00785136	3260
40	0.00175802	0.00759182	3299
41	0.00170003	0.00734639	3461
42	0.00164721	0.00716714	135
43	0.00159903	0.00703023	134
44	0.00155497	0.00712348	134
45	0.00151451	0.00707386	133
46	0.00147719	0.00708296	133
47	0.00144259	0.00712035	132
48	0.00141037	0.0070496	132
49	0.00138024	0.00717211	131
50	0.00135196	0.00712279	130
51	0.00132534	0.00723257	130
52	0.00130021	0.00724737	129
53	0.00127643	0.00730527	129
54	0.00125389	0.00737659	128
55	0.00123252	0.0073927	128
56	0.00121224	0.0075111	127
57	0.001193	0.00749647	127
58	0.00117473	0.00765161	126
59	0.00115738	0.00761816	126
60	0.00114092	0.00780079	125
61	0.00112529	0.00776133	125
62	0.00111045	0.00796392	124
63	0.00109635	0.00793225	124
64	0.00108294	0.00814841	123
65	0.00107016	0.00813871	123
66	0.00105796	0.00836104	122
67	0.00104629	0.00838725	122
68	0.00103509	0.00860939	121
69	0.0010243	0.0086843	121
70	0.00101389	0.00889335	120
71	0.00100383	0.00902902	120
72	0.000994076	0.00921005	119
73	0.000984619	0.00941859	119
74	0.00097545	0.00955365	118
75	0.000966573	0.00984655	118
76	0.000958009	0.00991454	117
77	0.000949791	0.0103024	117
78	0.000941967	0.010378	117
79	0.000934601	0.0107718	116
80	0.00092777	0.0109555	116
81	0.000921562	0.0112359	115
82	0.000916071	0.0115375	115
83	0.000911389	0.0116711	114
84	0.000907602	0.0120971	114
85	0.000904786	0.0121467	114
86	0.000902987	0.0126011	113
87	0.000902224	0.0127852	113
88	0.000902472	0.0130105	112
89	0.00090366	0.0133301	112
90	0.00090567	0.0132822	111
91	0.000908329	0.0137304	111
92	0.000911418	0.0137502	111
93	0.000914676	0.0139326	110
94	0.000917815	0.0140916	110
95	0.000920521	0.0138864	109
96	0.000922483	0.0141691	109
97	0.0009234	0.0139986	109
98	0.000923001	0.013934	108
99	0.000921069	0.0139132	108
100	0.000917443	0.0134196	108
101	0.000912047	0.0134676	107
102	0.000904889	0.0131715	107
103	0.00089607	0.0126584	106
104	0.000885777	0.0125458	106
105	0.000874277	0.0120649	106
106	0.000861905	0.0115711	105
107	0.000849025	0.0113439	105
108	0.000836022	0.0108153	105
109	0.00082326	0.0107231	110
110	0.000811051	0.0105037	109
111	0.000799654	0.0106864	109
112	0.000789243	0.0105236	109
113	0.000779916	0.0102132	108
114	0.000771719	0.0102372	108
115	0.000764652	0.00996298	108
116	0.000758695	0.0094766	107
117	0.000753832	0.00943084	107
118	0.000750047	0.00913649	107
119	0.000747325	0.00865209	107
120	0.000745627	0.00847871	101
121	0.000744871	0.0086213	101
122	0.000744902	0.00860855	101
123	0.000745472	0.00865392	100
124	0.000746238	0.00895035	100
125	0.000746769	0.00908351	100
126	0.00074658	0.00901924	100
127	0.000745158	0.0091592	99
128	0.000742019	0.00933398	99
129	0.000736749	0.00930202	99
130	0.00072905	0.00907007	98
131	0.000718763	0.00920241	98
132	0.000705897	0.00912985	98
133	0.000690636	0.00882813	98
134	0.000673326	0.00864335	97
135	0.000654451	0.00849806	97
136	0.000634601	0.00814604	97
137	0.000614427	0.00796865	102
138	0.000594578	0.00809678	102
139	0.000575659	0.00827671	101
140	0.000558178	0.00859101	101
141	0.000542512	0.00874862	101
142	0.000528896	0.00876459	101
143	0.000517424	0.00891542	100
144	0.000508067	0.00905768	100
145	0.000500703	0.009042	100
146	0.000495144	0.00889112	100
147	0.000491162	0.00896822	99
148	0.000488505	0.00892767	99
149	0.000486908	0.00875562	99
150	0.000486101	0.0085336	98
151	0.00048581	0.00849364	98
152	0.000485767	0.00833323	98
153	0.000485717	0.00807639	98
154	0.000485426	0.00785173	97
155	0.000484695	0.00772677	97
156	0.000483365	0.00751398	97
157	0.000481329	0.00723238	97
158	0.000478534	0.00701915	96
159	0.000474981	0.00685383	96
160	0.000470725	0.0066231	96
161	0.000465865	0.00634128	96
162	0.000460542	0.00613522	95
163	0.000454922	0.00594581	95
164	0.000449186	0.00570764	95
165	0.000443517	0.00543217	95
166	0.000438086	0.00523065	94
167	0.000433037	0.00502843	94
168	0.000428481	0.00479349	94
169	0.000424483	0.00453532	94
170	0.000421062	0.00434929	93
171	0.000418191	0.00415358	93
172	0.000415804	0.00394024	93
173	0.000413803	0.00396179	103
174	0.000412068	0.0039397	103
175	0.00041047	0.00386369	103
176	0.000408881	0.00392621	102
177	0.000407184	0.00397105	102
178	0.000405274	0.00396945	102
179	0.00040307	0.00391975	102
180	0.000400513	0.00382134	102
181	0.000397562	0.0037853	101
182	0.000394202	0.00380885	101
183	0.000390433	0.00379427	101
184	0.000386272	0.0037405	101
185	0.00038175	0.00364714	101
186	0.000376904	0.0035387	100
187	0.000371779	0.00356529	100
188	0.000366423	0.00356137	100
189	0.000360881	0.00352529	100
190	0.000355199	0.00345583	100
191	0.000349414	0.00335228	100
192	0.000343558	0.00333448	99
193	0.000337655	0.00334555	99
194	0.000331723	0.00332723	99
195	0.000325774	0.00327772	99
196	0.000319818	0.00319569	99
197	0.000313862	0.00312007	98
198	0.000307918	0.00313373	98
199	0.000302003	0.00311876	98
200	0.000296139	0.00307332	98
201	0.000290359	0.00299608	98
202	0.000284702	0.00288631	98
203	0.000279215	0.00288174	97
204	0.000273947	0.00285486	97
205	0.000268951	0.00279856	97
206	0.000264275	0.00271182	97
207	0.000259961	0.00259421	97
208	0.000256041	0.00255995	96
209	0.000252534	0.0025107	96
210	0.000249444	0.00243396	96
211	0.000246761	0.00237878	101
212	0.000244458	0.0023895	101
213	0.000242499	0.00238003	101
214	0.000240837	0.00237317	100
215	0.000239421	0.00244557	100
216	0.000238196	0.00249199	100
217	0.000237112	0.00251337	100
218	0.00023612	0.00251084	100
